DIMENSION-ID,Year,源MAKE,源MODEL,主车型,版本,结构,CAB,BED,候选Make,候选Model,原匹配方式,审核状态,原因,建议搜索词,证据要求,语义分数
Cadillac Eldorado Convertible 1958,1958,Cadillac,Eldorado,Cadillac Eldorado,,Convertible,,,Cadillac,Series 70 Fleetwood Eldorado,4A全覆盖-MODEL_CONTAINS,待联网审核,4A原子尚无正式映射；语义候选需验证版本、结构和年份,"1958 ""Cadillac Series 70 Fleetwood Eldorado"" ""Cadillac Eldorado"" ""Convertible""",年份、Make、Model、版本、结构均与DIMENSION-ID语义一致,0.9000
Cadillac Eldorado Coupe 1958,1958,Cadillac,Eldorado,Cadillac Eldorado,,Coupe,,,Cadillac,Series 70 Fleetwood Eldorado,4A全覆盖-MODEL_CONTAINS,待联网审核,4A原子尚无正式映射；语义候选需验证版本、结构和年份,"1958 ""Cadillac Series 70 Fleetwood Eldorado"" ""Cadillac Eldorado"" ""Coupe""",年份、Make、Model、版本、结构均与DIMENSION-ID语义一致,0.9000
Plymouth Barracuda Coupe 1970-1973,1970,Plymouth,Barracuda,Plymouth Barracuda,,Coupe,,,Plymouth,Cuda,4A全覆盖-MODEL_CONTAINS,待联网审核,4A原子尚无正式映射；语义候选需验证版本、结构和年份,"1970 ""Plymouth Cuda"" ""Plymouth Barracuda"" ""Coupe""",年份、Make、Model、版本、结构均与DIMENSION-ID语义一致,0.9000
Plymouth Barracuda Coupe 1970-1973,1971,Plymouth,Barracuda,Plymouth Barracuda,,Coupe,,,Plymouth,Cuda,4A全覆盖-MODEL_CONTAINS,待联网审核,4A原子尚无正式映射；语义候选需验证版本、结构和年份,"1971 ""Plymouth Cuda"" ""Plymouth Barracuda"" ""Coupe""",年份、Make、Model、版本、结构均与DIMENSION-ID语义一致,0.9000
Pontiac Bonneville Grand Safari Wagon 1971,1971,Pontiac,Bonneville,Pontiac Bonneville,Grand Safari,Wagon,,,Pontiac,Grand Safari,4A全覆盖-VERSION_EXACT,待联网审核,4A原子尚无正式映射；语义候选需验证版本、结构和年份,"1971 ""Pontiac Grand Safari"" ""Pontiac Bonneville"" ""Grand Safari"" ""Wagon""",年份、Make、Model、版本、结构均与DIMENSION-ID语义一致,0.9900
Plymouth Barracuda Coupe 1970-1973,1972,Plymouth,Barracuda,Plymouth Barracuda,,Coupe,,,Plymouth,Cuda,4A全覆盖-MODEL_CONTAINS,待联网审核,4A原子尚无正式映射；语义候选需验证版本、结构和年份,"1972 ""Plymouth Cuda"" ""Plymouth Barracuda"" ""Coupe""",年份、Make、Model、版本、结构均与DIMENSION-ID语义一致,0.9000
Plymouth Fury Coupe 1969-1972,1972,Plymouth,Fury,Plymouth Fury,,Coupe,,,Plymouth,Gran Fury,4A全覆盖-MODEL_CONTAINS,待联网审核,4A原子尚无正式映射；语义候选需验证版本、结构和年份,"1972 ""Plymouth Gran Fury"" ""Plymouth Fury"" ""Coupe""",年份、Make、Model、版本、结构均与DIMENSION-ID语义一致,0.9000
Plymouth Fury Sedan 1969-1972,1972,Plymouth,Fury,Plymouth Fury,,Sedan,,,Plymouth,Gran Fury,4A全覆盖-MODEL_CONTAINS,待联网审核,4A原子尚无正式映射；语义候选需验证版本、结构和年份,"1972 ""Plymouth Gran Fury"" ""Plymouth Fury"" ""Sedan""",年份、Make、Model、版本、结构均与DIMENSION-ID语义一致,0.9000
Pontiac Bonneville Grand Safari Wagon 1972,1972,Pontiac,Bonneville,Pontiac Bonneville,Grand Safari,Wagon,,,Pontiac,Grand Safari,4A全覆盖-VERSION_EXACT,待联网审核,4A原子尚无正式映射；语义候选需验证版本、结构和年份,"1972 ""Pontiac Grand Safari"" ""Pontiac Bonneville"" ""Grand Safari"" ""Wagon""",年份、Make、Model、版本、结构均与DIMENSION-ID语义一致,0.9900
Plymouth Barracuda Coupe 1970-1973,1973,Plymouth,Barracuda,Plymouth Barracuda,,Coupe,,,Plymouth,Cuda,4A全覆盖-MODEL_CONTAINS,待联网审核,4A原子尚无正式映射；语义候选需验证版本、结构和年份,"1973 ""Plymouth Cuda"" ""Plymouth Barracuda"" ""Coupe""",年份、Make、Model、版本、结构均与DIMENSION-ID语义一致,0.9000
Plymouth Valiant Duster Coupe 1973-1976,1973,Plymouth,Valiant,Plymouth Valiant,Duster,Coupe,,,Plymouth,Duster,4A全覆盖-VERSION_EXACT,待联网审核,4A原子尚无正式映射；语义候选需验证版本、结构和年份,"1973 ""Plymouth Duster"" ""Plymouth Valiant"" ""Duster"" ""Coupe""",年份、Make、Model、版本、结构均与DIMENSION-ID语义一致,0.9900
Plymouth Fury Coupe 1973,1973,Plymouth,Fury,Plymouth Fury,,Coupe,,,Plymouth,Gran Fury,4A全覆盖-MODEL_CONTAINS,待联网审核,4A原子尚无正式映射；语义候选需验证版本、结构和年份,"1973 ""Plymouth Gran Fury"" ""Plymouth Fury"" ""Coupe""",年份、Make、Model、版本、结构均与DIMENSION-ID语义一致,0.9000
Plymouth Fury Sedan 1973,1973,Plymouth,Fury,Plymouth Fury,,Sedan,,,Plymouth,Gran Fury,4A全覆盖-MODEL_CONTAINS,待联网审核,4A原子尚无正式映射；语义候选需验证版本、结构和年份,"1973 ""Plymouth Gran Fury"" ""Plymouth Fury"" ""Sedan""",年份、Make、Model、版本、结构均与DIMENSION-ID语义一致,0.9000
Plymouth Valiant Scamp Coupe 1973-1976,1973,Plymouth,Valiant,Plymouth Valiant,Scamp,Coupe,,,Plymouth,Scamp,4A全覆盖-VERSION_EXACT,待联网审核,4A原子尚无正式映射；语义候选需验证版本、结构和年份,"1973 ""Plymouth Scamp"" ""Plymouth Valiant"" ""Scamp"" ""Coupe""",年份、Make、Model、版本、结构均与DIMENSION-ID语义一致,0.9900
Pontiac Bonneville Grand Safari Wagon 1973,1973,Pontiac,Bonneville,Pontiac Bonneville,Grand Safari,Wagon,,,Pontiac,Grand Safari,4A全覆盖-VERSION_EXACT,待联网审核,4A原子尚无正式映射；语义候选需验证版本、结构和年份,"1973 ""Pontiac Grand Safari"" ""Pontiac Bonneville"" ""Grand Safari"" ""Wagon""",年份、Make、Model、版本、结构均与DIMENSION-ID语义一致,0.9900
Plymouth Barracuda Barracuda 318 V8 Coupe 1974,1974,Plymouth,Barracuda,Plymouth Barracuda,Barracuda 318 V8,Coupe,,,Plymouth,Cuda,4A全覆盖-MODEL_CONTAINS,待联网审核,4A原子尚无正式映射；语义候选需验证版本、结构和年份,"1974 ""Plymouth Cuda"" ""Plymouth Barracuda"" ""Barracuda 318 V8"" ""Coupe""",年份、Make、Model、版本、结构均与DIMENSION-ID语义一致,0.9000
Plymouth Barracuda Cuda 360 Coupe 1974,1974,Plymouth,Barracuda,Plymouth Barracuda,Cuda 360,Coupe,,,Plymouth,Cuda,4A全覆盖-MODEL_CONTAINS,待联网审核,4A原子尚无正式映射；语义候选需验证版本、结构和年份,"1974 ""Plymouth Cuda"" ""Plymouth Barracuda"" ""Cuda 360"" ""Coupe""",年份、Make、Model、版本、结构均与DIMENSION-ID语义一致,0.9000
Plymouth Valiant Duster Coupe 1973-1976,1974,Plymouth,Valiant,Plymouth Valiant,Duster,Coupe,,,Plymouth,Duster,4A全覆盖-VERSION_EXACT,待联网审核,4A原子尚无正式映射；语义候选需验证版本、结构和年份,"1974 ""Plymouth Duster"" ""Plymouth Valiant"" ""Duster"" ""Coupe""",年份、Make、Model、版本、结构均与DIMENSION-ID语义一致,0.9900
Plymouth Fury Coupe 1974,1974,Plymouth,Fury,Plymouth Fury,,Coupe,,,Plymouth,Gran Fury,4A全覆盖-MODEL_CONTAINS,待联网审核,4A原子尚无正式映射；语义候选需验证版本、结构和年份,"1974 ""Plymouth Gran Fury"" ""Plymouth Fury"" ""Coupe""",年份、Make、Model、版本、结构均与DIMENSION-ID语义一致,0.9000
Plymouth Fury Sedan 1974,1974,Plymouth,Fury,Plymouth Fury,,Sedan,,,Plymouth,Gran Fury,4A全覆盖-MODEL_CONTAINS,待联网审核,4A原子尚无正式映射；语义候选需验证版本、结构和年份,"1974 ""Plymouth Gran Fury"" ""Plymouth Fury"" ""Sedan""",年份、Make、Model、版本、结构均与DIMENSION-ID语义一致,0.9000
Plymouth Valiant Scamp Coupe 1973-1976,1974,Plymouth,Valiant,Plymouth Valiant,Scamp,Coupe,,,Plymouth,Scamp,4A全覆盖-VERSION_EXACT,待联网审核,4A原子尚无正式映射；语义候选需验证版本、结构和年份,"1974 ""Plymouth Scamp"" ""Plymouth Valiant"" ""Scamp"" ""Coupe""",年份、Make、Model、版本、结构均与DIMENSION-ID语义一致,0.9900
Plymouth Valiant Duster Coupe 1973-1976,1975,Plymouth,Valiant,Plymouth Valiant,Duster,Coupe,,,Plymouth,Duster,4A全覆盖-VERSION_EXACT,待联网审核,4A原子尚无正式映射；语义候选需验证版本、结构和年份,"1975 ""Plymouth Duster"" ""Plymouth Valiant"" ""Duster"" ""Coupe""",年份、Make、Model、版本、结构均与DIMENSION-ID语义一致,0.9900
Plymouth Fury Coupe 1975-1978,1975,Plymouth,Fury,Plymouth Fury,,Coupe,,,Plymouth,Gran Fury,4A全覆盖-MODEL_CONTAINS,待联网审核,4A原子尚无正式映射；语义候选需验证版本、结构和年份,"1975 ""Plymouth Gran Fury"" ""Plymouth Fury"" ""Coupe""",年份、Make、Model、版本、结构均与DIMENSION-ID语义一致,0.9000
Plymouth Fury Sedan 1975-1978,1975,Plymouth,Fury,Plymouth Fury,,Sedan,,,Plymouth,Gran Fury,4A全覆盖-MODEL_CONTAINS,待联网审核,4A原子尚无正式映射；语义候选需验证版本、结构和年份,"1975 ""Plymouth Gran Fury"" ""Plymouth Fury"" ""Sedan""",年份、Make、Model、版本、结构均与DIMENSION-ID语义一致,0.9000
Plymouth Valiant Scamp Coupe 1973-1976,1975,Plymouth,Valiant,Plymouth Valiant,Scamp,Coupe,,,Plymouth,Scamp,4A全覆盖-VERSION_EXACT,待联网审核,4A原子尚无正式映射；语义候选需验证版本、结构和年份,"1975 ""Plymouth Scamp"" ""Plymouth Valiant"" ""Scamp"" ""Coupe""",年份、Make、Model、版本、结构均与DIMENSION-ID语义一致,0.9900
Pontiac LeMans Coupe 1974-1976,1975,Pontiac,LeMans,Pontiac LeMans,,Coupe,,,Pontiac,Grand LeMans,4A全覆盖-MODEL_CONTAINS,待联网审核,4A原子尚无正式映射；语义候选需验证版本、结构和年份,"1975 ""Pontiac Grand LeMans"" ""Pontiac LeMans"" ""Coupe""",年份、Make、Model、版本、结构均与DIMENSION-ID语义一致,0.9000
Pontiac LeMans Sedan 1975-1976,1975,Pontiac,LeMans,Pontiac LeMans,,Sedan,,,Pontiac,Grand LeMans,4A全覆盖-MODEL_CONTAINS,待联网审核,4A原子尚无正式映射；语义候选需验证版本、结构和年份,"1975 ""Pontiac Grand LeMans"" ""Pontiac LeMans"" ""Sedan""",年份、Make、Model、版本、结构均与DIMENSION-ID语义一致,0.9000
Pontiac LeMans Wagon 1975-1976,1975,Pontiac,LeMans,Pontiac LeMans,,Wagon,,,Pontiac,Grand LeMans,4A全覆盖-MODEL_CONTAINS,待联网审核,4A原子尚无正式映射；语义候选需验证版本、结构和年份,"1975 ""Pontiac Grand LeMans"" ""Pontiac LeMans"" ""Wagon""",年份、Make、Model、版本、结构均与DIMENSION-ID语义一致,0.9000
Plymouth Valiant Duster Coupe 1973-1976,1976,Plymouth,Valiant,Plymouth Valiant,Duster,Coupe,,,Plymouth,Duster,4A全覆盖-VERSION_EXACT,待联网审核,4A原子尚无正式映射；语义候选需验证版本、结构和年份,"1976 ""Plymouth Duster"" ""Plymouth Valiant"" ""Duster"" ""Coupe""",年份、Make、Model、版本、结构均与DIMENSION-ID语义一致,0.9900
Plymouth Fury Coupe 1975-1978,1976,Plymouth,Fury,Plymouth Fury,,Coupe,,,Plymouth,Gran Fury,4A全覆盖-MODEL_CONTAINS,待联网审核,4A原子尚无正式映射；语义候选需验证版本、结构和年份,"1976 ""Plymouth Gran Fury"" ""Plymouth Fury"" ""Coupe""",年份、Make、Model、版本、结构均与DIMENSION-ID语义一致,0.9000
Plymouth Fury Sedan 1975-1978,1976,Plymouth,Fury,Plymouth Fury,,Sedan,,,Plymouth,Gran Fury,4A全覆盖-MODEL_CONTAINS,待联网审核,4A原子尚无正式映射；语义候选需验证版本、结构和年份,"1976 ""Plymouth Gran Fury"" ""Plymouth Fury"" ""Sedan""",年份、Make、Model、版本、结构均与DIMENSION-ID语义一致,0.9000
Plymouth Valiant Scamp Coupe 1973-1976,1976,Plymouth,Valiant,Plymouth Valiant,Scamp,Coupe,,,Plymouth,Scamp,4A全覆盖-VERSION_EXACT,待联网审核,4A原子尚无正式映射；语义候选需验证版本、结构和年份,"1976 ""Plymouth Scamp"" ""Plymouth Valiant"" ""Scamp"" ""Coupe""",年份、Make、Model、版本、结构均与DIMENSION-ID语义一致,0.9900
Pontiac LeMans Coupe 1974-1976,1976,Pontiac,LeMans,Pontiac LeMans,,Coupe,,,Pontiac,Grand LeMans,4A全覆盖-MODEL_CONTAINS,待联网审核,4A原子尚无正式映射；语义候选需验证版本、结构和年份,"1976 ""Pontiac Grand LeMans"" ""Pontiac LeMans"" ""Coupe""",年份、Make、Model、版本、结构均与DIMENSION-ID语义一致,0.9000
Pontiac LeMans Sedan 1975-1976,1976,Pontiac,LeMans,Pontiac LeMans,,Sedan,,,Pontiac,Grand LeMans,4A全覆盖-MODEL_CONTAINS,待联网审核,4A原子尚无正式映射；语义候选需验证版本、结构和年份,"1976 ""Pontiac Grand LeMans"" ""Pontiac LeMans"" ""Sedan""",年份、Make、Model、版本、结构均与DIMENSION-ID语义一致,0.9000
Pontiac LeMans Wagon 1975-1976,1976,Pontiac,LeMans,Pontiac LeMans,,Wagon,,,Pontiac,Grand LeMans,4A全覆盖-MODEL_CONTAINS,待联网审核,4A原子尚无正式映射；语义候选需验证版本、结构和年份,"1976 ""Pontiac Grand LeMans"" ""Pontiac LeMans"" ""Wagon""",年份、Make、Model、版本、结构均与DIMENSION-ID语义一致,0.9000
Plymouth Fury Coupe 1975-1978,1977,Plymouth,Fury,Plymouth Fury,,Coupe,,,Plymouth,Gran Fury,4A全覆盖-MODEL_CONTAINS,待联网审核,4A原子尚无正式映射；语义候选需验证版本、结构和年份,"1977 ""Plymouth Gran Fury"" ""Plymouth Fury"" ""Coupe""",年份、Make、Model、版本、结构均与DIMENSION-ID语义一致,0.9000
Plymouth Fury Sedan 1975-1978,1977,Plymouth,Fury,Plymouth Fury,,Sedan,,,Plymouth,Gran Fury,4A全覆盖-MODEL_CONTAINS,待联网审核,4A原子尚无正式映射；语义候选需验证版本、结构和年份,"1977 ""Plymouth Gran Fury"" ""Plymouth Fury"" ""Sedan""",年份、Make、Model、版本、结构均与DIMENSION-ID语义一致,0.9000
Pontiac LeMans Can Am Coupe 1977,1977,Pontiac,LeMans,Pontiac LeMans,Can Am,Coupe,,,Pontiac,Grand LeMans,4A全覆盖-MODEL_CONTAINS,待联网审核,4A原子尚无正式映射；语义候选需验证版本、结构和年份,"1977 ""Pontiac Grand LeMans"" ""Pontiac LeMans"" ""Can Am"" ""Coupe""",年份、Make、Model、版本、结构均与DIMENSION-ID语义一致,0.9000
Pontiac LeMans Coupe 1977,1977,Pontiac,LeMans,Pontiac LeMans,,Coupe,,,Pontiac,Grand LeMans,4A全覆盖-MODEL_CONTAINS,待联网审核,4A原子尚无正式映射；语义候选需验证版本、结构和年份,"1977 ""Pontiac Grand LeMans"" ""Pontiac LeMans"" ""Coupe""",年份、Make、Model、版本、结构均与DIMENSION-ID语义一致,0.9000
Pontiac LeMans Hatchback 1977,1977,Pontiac,LeMans,Pontiac LeMans,,Hatchback,,,Pontiac,Grand LeMans,4A全覆盖-MODEL_CONTAINS,待联网审核,4A原子尚无正式映射；语义候选需验证版本、结构和年份,"1977 ""Pontiac Grand LeMans"" ""Pontiac LeMans"" ""Hatchback""",年份、Make、Model、版本、结构均与DIMENSION-ID语义一致,0.9000
Pontiac LeMans Sedan 1977,1977,Pontiac,LeMans,Pontiac LeMans,,Sedan,,,Pontiac,Grand LeMans,4A全覆盖-MODEL_CONTAINS,待联网审核,4A原子尚无正式映射；语义候选需验证版本、结构和年份,"1977 ""Pontiac Grand LeMans"" ""Pontiac LeMans"" ""Sedan""",年份、Make、Model、版本、结构均与DIMENSION-ID语义一致,0.9000
Pontiac Bonneville Grand Safari Wagon 1977,1977,Pontiac,Bonneville,Pontiac Bonneville,Grand Safari,Wagon,,,Pontiac,Grand Safari,4A全覆盖-VERSION_EXACT,待联网审核,4A原子尚无正式映射；语义候选需验证版本、结构和年份,"1977 ""Pontiac Grand Safari"" ""Pontiac Bonneville"" ""Grand Safari"" ""Wagon""",年份、Make、Model、版本、结构均与DIMENSION-ID语义一致,0.9900
Pontiac LeMans Coupe 1978,1978,Pontiac,LeMans,Pontiac LeMans,,Coupe,,,Pontiac,Grand LeMans,4A全覆盖-MODEL_CONTAINS,待联网审核,4A原子尚无正式映射；语义候选需验证版本、结构和年份,"1978 ""Pontiac Grand LeMans"" ""Pontiac LeMans"" ""Coupe""",年份、Make、Model、版本、结构均与DIMENSION-ID语义一致,0.9000
Pontiac LeMans Hatchback 1978,1978,Pontiac,LeMans,Pontiac LeMans,,Hatchback,,,Pontiac,Grand LeMans,4A全覆盖-MODEL_CONTAINS,待联网审核,4A原子尚无正式映射；语义候选需验证版本、结构和年份,"1978 ""Pontiac Grand LeMans"" ""Pontiac LeMans"" ""Hatchback""",年份、Make、Model、版本、结构均与DIMENSION-ID语义一致,0.9000
Pontiac LeMans Sedan 1978,1978,Pontiac,LeMans,Pontiac LeMans,,Sedan,,,Pontiac,Grand LeMans,4A全覆盖-MODEL_CONTAINS,待联网审核,4A原子尚无正式映射；语义候选需验证版本、结构和年份,"1978 ""Pontiac Grand LeMans"" ""Pontiac LeMans"" ""Sedan""",年份、Make、Model、版本、结构均与DIMENSION-ID语义一致,0.9000
Pontiac Bonneville Grand Safari Wagon 1978,1978,Pontiac,Bonneville,Pontiac Bonneville,Grand Safari,Wagon,,,Pontiac,Grand Safari,4A全覆盖-VERSION_EXACT,待联网审核,4A原子尚无正式映射；语义候选需验证版本、结构和年份,"1978 ""Pontiac Grand Safari"" ""Pontiac Bonneville"" ""Grand Safari"" ""Wagon""",年份、Make、Model、版本、结构均与DIMENSION-ID语义一致,0.9900
Pontiac LeMans Coupe 1979,1979,Pontiac,LeMans,Pontiac LeMans,,Coupe,,,Pontiac,Grand LeMans,4A全覆盖-MODEL_CONTAINS,待联网审核,4A原子尚无正式映射；语义候选需验证版本、结构和年份,"1979 ""Pontiac Grand LeMans"" ""Pontiac LeMans"" ""Coupe""",年份、Make、Model、版本、结构均与DIMENSION-ID语义一致,0.9000
Pontiac LeMans Hatchback 1979-1980,1979,Pontiac,LeMans,Pontiac LeMans,,Hatchback,,,Pontiac,Grand LeMans,4A全覆盖-MODEL_CONTAINS,待联网审核,4A原子尚无正式映射；语义候选需验证版本、结构和年份,"1979 ""Pontiac Grand LeMans"" ""Pontiac LeMans"" ""Hatchback""",年份、Make、Model、版本、结构均与DIMENSION-ID语义一致,0.9000
Pontiac LeMans Sedan 1979,1979,Pontiac,LeMans,Pontiac LeMans,,Sedan,,,Pontiac,Grand LeMans,4A全覆盖-MODEL_CONTAINS,待联网审核,4A原子尚无正式映射；语义候选需验证版本、结构和年份,"1979 ""Pontiac Grand LeMans"" ""Pontiac LeMans"" ""Sedan""",年份、Make、Model、版本、结构均与DIMENSION-ID语义一致,0.9000
Pontiac LeMans Wagon 1979,1979,Pontiac,LeMans,Pontiac LeMans,,Wagon,,,Pontiac,Grand LeMans,4A全覆盖-MODEL_CONTAINS,待联网审核,4A原子尚无正式映射；语义候选需验证版本、结构和年份,"1979 ""Pontiac Grand LeMans"" ""Pontiac LeMans"" ""Wagon""",年份、Make、Model、版本、结构均与DIMENSION-ID语义一致,0.9000
Pontiac LeMans Hatchback 1979-1980,1980,Pontiac,LeMans,Pontiac LeMans,,Hatchback,,,Pontiac,Grand LeMans,4A全覆盖-MODEL_CONTAINS,待联网审核,4A原子尚无正式映射；语义候选需验证版本、结构和年份,"1980 ""Pontiac Grand LeMans"" ""Pontiac LeMans"" ""Hatchback""",年份、Make、Model、版本、结构均与DIMENSION-ID语义一致,0.9000
Pontiac LeMans Sedan 1980,1980,Pontiac,LeMans,Pontiac LeMans,,Sedan,,,Pontiac,Grand LeMans,4A全覆盖-MODEL_CONTAINS,待联网审核,4A原子尚无正式映射；语义候选需验证版本、结构和年份,"1980 ""Pontiac Grand LeMans"" ""Pontiac LeMans"" ""Sedan""",年份、Make、Model、版本、结构均与DIMENSION-ID语义一致,0.9000
Pontiac LeMans Wagon 1980,1980,Pontiac,LeMans,Pontiac LeMans,,Wagon,,,Pontiac,Grand LeMans,4A全覆盖-MODEL_CONTAINS,待联网审核,4A原子尚无正式映射；语义候选需验证版本、结构和年份,"1980 ""Pontiac Grand LeMans"" ""Pontiac LeMans"" ""Wagon""",年份、Make、Model、版本、结构均与DIMENSION-ID语义一致,0.9000
Pontiac LeMans Coupe 1981,1981,Pontiac,LeMans,Pontiac LeMans,,Coupe,,,Pontiac,Grand LeMans,4A全覆盖-MODEL_CONTAINS,待联网审核,4A原子尚无正式映射；语义候选需验证版本、结构和年份,"1981 ""Pontiac Grand LeMans"" ""Pontiac LeMans"" ""Coupe""",年份、Make、Model、版本、结构均与DIMENSION-ID语义一致,0.9000
GMC Jimmy 2dr SUV 1983-1994,1983,GMC,Jimmy,GMC Jimmy,2dr,SUV,,,GMC,S15 Jimmy,4A全覆盖-MODEL_CONTAINS,待联网审核,4A原子尚无正式映射；语义候选需验证版本、结构和年份,"1983 ""GMC S15 Jimmy"" ""GMC Jimmy"" ""2dr"" ""SUV""",年份、Make、Model、版本、结构均与DIMENSION-ID语义一致,0.9000
Ford Bronco 2dr SUV 1980-1986,1984,Ford,Bronco,Ford Bronco,2dr,SUV,,,Ford,Bronco II,4A全覆盖-MODEL_CONTAINS,待联网审核,4A原子尚无正式映射；语义候选需验证版本、结构和年份,"1984 ""Ford Bronco II"" ""Ford Bronco"" ""2dr"" ""SUV""",年份、Make、Model、版本、结构均与DIMENSION-ID语义一致,0.9000
GMC Jimmy 2dr SUV 1983-1994,1984,GMC,Jimmy,GMC Jimmy,2dr,SUV,,,GMC,S15 Jimmy,4A全覆盖-MODEL_CONTAINS,待联网审核,4A原子尚无正式映射；语义候选需验证版本、结构和年份,"1984 ""GMC S15 Jimmy"" ""GMC Jimmy"" ""2dr"" ""SUV""",年份、Make、Model、版本、结构均与DIMENSION-ID语义一致,0.9000
Buick Regal Coupe 1981-1987,1985,Buick,Regal,Buick Regal,,Coupe,,,Buick,Somerset Regal,4A全覆盖-MODEL_CONTAINS,待联网审核,4A原子尚无正式映射；语义候选需验证版本、结构和年份,"1985 ""Buick Somerset Regal"" ""Buick Regal"" ""Coupe""",年份、Make、Model、版本、结构均与DIMENSION-ID语义一致,0.9000
Ford Bronco 2dr SUV 1980-1986,1985,Ford,Bronco,Ford Bronco,2dr,SUV,,,Ford,Bronco II,4A全覆盖-MODEL_CONTAINS,待联网审核,4A原子尚无正式映射；语义候选需验证版本、结构和年份,"1985 ""Ford Bronco II"" ""Ford Bronco"" ""2dr"" ""SUV""",年份、Make、Model、版本、结构均与DIMENSION-ID语义一致,0.9000
GMC Jimmy 2dr SUV 1983-1994,1985,GMC,Jimmy,GMC Jimmy,2dr,SUV,,,GMC,S15 Jimmy,4A全覆盖-MODEL_CONTAINS,待联网审核,4A原子尚无正式映射；语义候选需验证版本、结构和年份,"1985 ""GMC S15 Jimmy"" ""GMC Jimmy"" ""2dr"" ""SUV""",年份、Make、Model、版本、结构均与DIMENSION-ID语义一致,0.9000
Ford Bronco 2dr SUV 1980-1986,1986,Ford,Bronco,Ford Bronco,2dr,SUV,,,Ford,Bronco II,4A全覆盖-MODEL_CONTAINS,待联网审核,4A原子尚无正式映射；语义候选需验证版本、结构和年份,"1986 ""Ford Bronco II"" ""Ford Bronco"" ""2dr"" ""SUV""",年份、Make、Model、版本、结构均与DIMENSION-ID语义一致,0.9000
GMC Jimmy 2dr SUV 1983-1994,1986,GMC,Jimmy,GMC Jimmy,2dr,SUV,,,GMC,S15 Jimmy,4A全覆盖-MODEL_CONTAINS,待联网审核,4A原子尚无正式映射；语义候选需验证版本、结构和年份,"1986 ""GMC S15 Jimmy"" ""GMC Jimmy"" ""2dr"" ""SUV""",年份、Make、Model、版本、结构均与DIMENSION-ID语义一致,0.9000
Ford Bronco 2dr SUV 1987-1990,1987,Ford,Bronco,Ford Bronco,2dr,SUV,,,Ford,Bronco II,4A全覆盖-MODEL_CONTAINS,待联网审核,4A原子尚无正式映射；语义候选需验证版本、结构和年份,"1987 ""Ford Bronco II"" ""Ford Bronco"" ""2dr"" ""SUV""",年份、Make、Model、版本、结构均与DIMENSION-ID语义一致,0.9000
GMC Jimmy 2dr SUV 1983-1994,1987,GMC,Jimmy,GMC Jimmy,2dr,SUV,,,GMC,S15 Jimmy,4A全覆盖-MODEL_CONTAINS,待联网审核,4A原子尚无正式映射；语义候选需验证版本、结构和年份,"1987 ""GMC S15 Jimmy"" ""GMC Jimmy"" ""2dr"" ""SUV""",年份、Make、Model、版本、结构均与DIMENSION-ID语义一致,0.9000
Ford Bronco 2dr SUV 1987-1990,1988,Ford,Bronco,Ford Bronco,2dr,SUV,,,Ford,Bronco II,4A全覆盖-MODEL_CONTAINS,待联网审核,4A原子尚无正式映射；语义候选需验证版本、结构和年份,"1988 ""Ford Bronco II"" ""Ford Bronco"" ""2dr"" ""SUV""",年份、Make、Model、版本、结构均与DIMENSION-ID语义一致,0.9000
GMC Jimmy 2dr SUV 1983-1994,1988,GMC,Jimmy,GMC Jimmy,2dr,SUV,,,GMC,S15 Jimmy,4A全覆盖-MODEL_CONTAINS,待联网审核,4A原子尚无正式映射；语义候选需验证版本、结构和年份,"1988 ""GMC S15 Jimmy"" ""GMC Jimmy"" ""2dr"" ""SUV""",年份、Make、Model、版本、结构均与DIMENSION-ID语义一致,0.9000
Honda Civic CRX Coupe 1988-1991,1988,Honda,Civic,Honda Civic,CRX,Coupe,,,Honda,CRX,4A全覆盖-VERSION_EXACT,待联网审核,4A原子尚无正式映射；语义候选需验证版本、结构和年份,"1988 ""Honda CRX"" ""Honda Civic"" ""CRX"" ""Coupe""",年份、Make、Model、版本、结构均与DIMENSION-ID语义一致,0.9900
Ford Bronco 2dr SUV 1987-1990,1989,Ford,Bronco,Ford Bronco,2dr,SUV,,,Ford,Bronco II,4A全覆盖-MODEL_CONTAINS,待联网审核,4A原子尚无正式映射；语义候选需验证版本、结构和年份,"1989 ""Ford Bronco II"" ""Ford Bronco"" ""2dr"" ""SUV""",年份、Make、Model、版本、结构均与DIMENSION-ID语义一致,0.9000
GMC Jimmy 2dr SUV 1983-1994,1989,GMC,Jimmy,GMC Jimmy,2dr,SUV,,,GMC,S15 Jimmy,4A全覆盖-MODEL_CONTAINS,待联网审核,4A原子尚无正式映射；语义候选需验证版本、结构和年份,"1989 ""GMC S15 Jimmy"" ""GMC Jimmy"" ""2dr"" ""SUV""",年份、Make、Model、版本、结构均与DIMENSION-ID语义一致,0.9000
Honda Civic CRX Coupe 1988-1991,1989,Honda,Civic,Honda Civic,CRX,Coupe,,,Honda,CRX,4A全覆盖-VERSION_EXACT,待联网审核,4A原子尚无正式映射；语义候选需验证版本、结构和年份,"1989 ""Honda CRX"" ""Honda Civic"" ""CRX"" ""Coupe""",年份、Make、Model、版本、结构均与DIMENSION-ID语义一致,0.9900
Ford Bronco 2dr SUV 1987-1990,1990,Ford,Bronco,Ford Bronco,2dr,SUV,,,Ford,Bronco II,4A全覆盖-MODEL_CONTAINS,待联网审核,4A原子尚无正式映射；语义候选需验证版本、结构和年份,"1990 ""Ford Bronco II"" ""Ford Bronco"" ""2dr"" ""SUV""",年份、Make、Model、版本、结构均与DIMENSION-ID语义一致,0.9000
GMC Jimmy 2dr SUV 1983-1994,1990,GMC,Jimmy,GMC Jimmy,2dr,SUV,,,GMC,S15 Jimmy,4A全覆盖-MODEL_CONTAINS,待联网审核,4A原子尚无正式映射；语义候选需验证版本、结构和年份,"1990 ""GMC S15 Jimmy"" ""GMC Jimmy"" ""2dr"" ""SUV""",年份、Make、Model、版本、结构均与DIMENSION-ID语义一致,0.9000
Honda Civic CRX Coupe 1988-1991,1990,Honda,Civic,Honda Civic,CRX,Coupe,,,Honda,CRX,4A全覆盖-VERSION_EXACT,待联网审核,4A原子尚无正式映射；语义候选需验证版本、结构和年份,"1990 ""Honda CRX"" ""Honda Civic"" ""CRX"" ""Coupe""",年份、Make、Model、版本、结构均与DIMENSION-ID语义一致,0.9900
Dodge Stealth R/T Turbo Coupe 1991-1993,1991,Dodge,Stealth,Dodge Stealth,R/T Turbo,Coupe,,,Dodge,Stealth,4A全覆盖-MODEL_EXACT,待联网审核,4A原子尚无正式映射；语义候选需验证版本、结构和年份,"1991 ""Dodge Stealth"" ""Dodge Stealth"" ""R/T Turbo"" ""Coupe""",年份、Make、Model、版本、结构均与DIMENSION-ID语义一致,1.0000
GMC Jimmy 2dr SUV 1983-1994,1991,GMC,Jimmy,GMC Jimmy,2dr,SUV,,,GMC,S15 Jimmy,4A全覆盖-MODEL_CONTAINS,待联网审核,4A原子尚无正式映射；语义候选需验证版本、结构和年份,"1991 ""GMC S15 Jimmy"" ""GMC Jimmy"" ""2dr"" ""SUV""",年份、Make、Model、版本、结构均与DIMENSION-ID语义一致,0.9000
GMC Jimmy 4dr SUV 1991-1994,1991,GMC,Jimmy,GMC Jimmy,4dr,SUV,,,GMC,S15 Jimmy,4A全覆盖-MODEL_CONTAINS,待联网审核,4A原子尚无正式映射；语义候选需验证版本、结构和年份,"1991 ""GMC S15 Jimmy"" ""GMC Jimmy"" ""4dr"" ""SUV""",年份、Make、Model、版本、结构均与DIMENSION-ID语义一致,0.9000
Honda Civic CRX Coupe 1988-1991,1991,Honda,Civic,Honda Civic,CRX,Coupe,,,Honda,CRX,4A全覆盖-VERSION_EXACT,待联网审核,4A原子尚无正式映射；语义候选需验证版本、结构和年份,"1991 ""Honda CRX"" ""Honda Civic"" ""CRX"" ""Coupe""",年份、Make、Model、版本、结构均与DIMENSION-ID语义一致,0.9900
Dodge Stealth R/T Turbo Coupe 1991-1993,1992,Dodge,Stealth,Dodge Stealth,R/T Turbo,Coupe,,,Dodge,Stealth,4A全覆盖-MODEL_EXACT,待联网审核,4A原子尚无正式映射；语义候选需验证版本、结构和年份,"1992 ""Dodge Stealth"" ""Dodge Stealth"" ""R/T Turbo"" ""Coupe""",年份、Make、Model、版本、结构均与DIMENSION-ID语义一致,1.0000
Dodge Stealth R/T Turbo Coupe 1991-1993,1993,Dodge,Stealth,Dodge Stealth,R/T Turbo,Coupe,,,Dodge,Stealth,4A全覆盖-MODEL_EXACT,待联网审核,4A原子尚无正式映射；语义候选需验证版本、结构和年份,"1993 ""Dodge Stealth"" ""Dodge Stealth"" ""R/T Turbo"" ""Coupe""",年份、Make、Model、版本、结构均与DIMENSION-ID语义一致,1.0000
Chevrolet Chevy Van Extended Wagon 1993-1995,1994,Chevrolet,Chevy Van,Chevrolet Chevy Van,Extended,Wagon,,,Chevrolet,Chevy,4A全覆盖-MODEL_CONTAINS,待联网审核,4A原子尚无正式映射；语义候选需验证版本、结构和年份,"1994 ""Chevrolet Chevy"" ""Chevrolet Chevy Van"" ""Extended"" ""Wagon""",年份、Make、Model、版本、结构均与DIMENSION-ID语义一致,0.9000
Chevrolet Chevy Van Regular Wagon 1993-1995,1994,Chevrolet,Chevy Van,Chevrolet Chevy Van,Regular,Wagon,,,Chevrolet,Chevy,4A全覆盖-MODEL_CONTAINS,待联网审核,4A原子尚无正式映射；语义候选需验证版本、结构和年份,"1994 ""Chevrolet Chevy"" ""Chevrolet Chevy Van"" ""Regular"" ""Wagon""",年份、Make、Model、版本、结构均与DIMENSION-ID语义一致,0.9000
Chevrolet Chevy Van Short Wagon 1993-1994,1994,Chevrolet,Chevy Van,Chevrolet Chevy Van,Short,Wagon,,,Chevrolet,Chevy,4A全覆盖-MODEL_CONTAINS,待联网审核,4A原子尚无正式映射；语义候选需验证版本、结构和年份,"1994 ""Chevrolet Chevy"" ""Chevrolet Chevy Van"" ""Short"" ""Wagon""",年份、Make、Model、版本、结构均与DIMENSION-ID语义一致,0.9000
Dodge Stealth R/T Turbo Coupe 1994,1994,Dodge,Stealth,Dodge Stealth,R/T Turbo,Coupe,,,Dodge,Stealth,4A全覆盖-MODEL_EXACT,待联网审核,4A原子尚无正式映射；语义候选需验证版本、结构和年份,"1994 ""Dodge Stealth"" ""Dodge Stealth"" ""R/T Turbo"" ""Coupe""",年份、Make、Model、版本、结构均与DIMENSION-ID语义一致,1.0000
Chevrolet Chevy Van Extended Wagon 1993-1995,1995,Chevrolet,Chevy Van,Chevrolet Chevy Van,Extended,Wagon,,,Chevrolet,Chevy,4A全覆盖-MODEL_CONTAINS,待联网审核,4A原子尚无正式映射；语义候选需验证版本、结构和年份,"1995 ""Chevrolet Chevy"" ""Chevrolet Chevy Van"" ""Extended"" ""Wagon""",年份、Make、Model、版本、结构均与DIMENSION-ID语义一致,0.9000
Chevrolet Chevy Van Regular Wagon 1993-1995,1995,Chevrolet,Chevy Van,Chevrolet Chevy Van,Regular,Wagon,,,Chevrolet,Chevy,4A全覆盖-MODEL_CONTAINS,待联网审核,4A原子尚无正式映射；语义候选需验证版本、结构和年份,"1995 ""Chevrolet Chevy"" ""Chevrolet Chevy Van"" ""Regular"" ""Wagon""",年份、Make、Model、版本、结构均与DIMENSION-ID语义一致,0.9000
Chevrolet Chevy Van Short Wagon 1995,1995,Chevrolet,Chevy Van,Chevrolet Chevy Van,Short,Wagon,,,Chevrolet,Chevy,4A全覆盖-MODEL_CONTAINS,待联网审核,4A原子尚无正式映射；语义候选需验证版本、结构和年份,"1995 ""Chevrolet Chevy"" ""Chevrolet Chevy Van"" ""Short"" ""Wagon""",年份、Make、Model、版本、结构均与DIMENSION-ID语义一致,0.9000
Dodge Stealth R/T Turbo Coupe 1995-1996,1995,Dodge,Stealth,Dodge Stealth,R/T Turbo,Coupe,,,Dodge,Stealth,4A全覆盖-MODEL_EXACT,待联网审核,4A原子尚无正式映射；语义候选需验证版本、结构和年份,"1995 ""Dodge Stealth"" ""Dodge Stealth"" ""R/T Turbo"" ""Coupe""",年份、Make、Model、版本、结构均与DIMENSION-ID语义一致,1.0000
Chevrolet Chevy Van G-Classic Extended Wagon 1996,1996,Chevrolet,Chevy Van,Chevrolet Chevy Van,G-Classic Extended,Wagon,,,Chevrolet,Chevy,4A全覆盖-MODEL_CONTAINS,待联网审核,4A原子尚无正式映射；语义候选需验证版本、结构和年份,"1996 ""Chevrolet Chevy"" ""Chevrolet Chevy Van"" ""G-Classic Extended"" ""Wagon""",年份、Make、Model、版本、结构均与DIMENSION-ID语义一致,0.9000
Chevrolet Chevy Van G-Classic Regular Wagon 1996,1996,Chevrolet,Chevy Van,Chevrolet Chevy Van,G-Classic Regular,Wagon,,,Chevrolet,Chevy,4A全覆盖-MODEL_CONTAINS,待联网审核,4A原子尚无正式映射；语义候选需验证版本、结构和年份,"1996 ""Chevrolet Chevy"" ""Chevrolet Chevy Van"" ""G-Classic Regular"" ""Wagon""",年份、Make、Model、版本、结构均与DIMENSION-ID语义一致,0.9000
Dodge Caravan SWB MPV 1996-2000,1996,Dodge,Caravan,Dodge Caravan,SWB,MPV,,,Dodge,Grand Caravan,4A全覆盖-MODEL_CONTAINS,待联网审核,4A原子尚无正式映射；语义候选需验证版本、结构和年份,"1996 ""Dodge Grand Caravan"" ""Dodge Caravan"" ""SWB"" ""MPV""",年份、Make、Model、版本、结构均与DIMENSION-ID语义一致,0.9000
Dodge Stealth R/T Turbo Coupe 1995-1996,1996,Dodge,Stealth,Dodge Stealth,R/T Turbo,Coupe,,,Dodge,Stealth,4A全覆盖-MODEL_EXACT,待联网审核,4A原子尚无正式映射；语义候选需验证版本、结构和年份,"1996 ""Dodge Stealth"" ""Dodge Stealth"" ""R/T Turbo"" ""Coupe""",年份、Make、Model、版本、结构均与DIMENSION-ID语义一致,1.0000
Ford Ranger Pickup 1993-1997 Regular 6,1996,Ford,Ranger,Ford Ranger,,Pickup,Regular,6,Ford,F-100 Ranger,4A全覆盖-MODEL_CONTAINS,待联网审核,4A原子尚无正式映射；语义候选需验证版本、结构和年份,"1996 ""Ford F-100 Ranger"" ""Ford Ranger"" ""Pickup""",年份、Make、Model、版本、结构均与DIMENSION-ID语义一致,0.9000
Ford Ranger Pickup 1993-1997 SuperCab 6,1996,Ford,Ranger,Ford Ranger,,Pickup,SuperCab,6,Ford,F-100 Ranger,4A全覆盖-MODEL_CONTAINS,待联网审核,4A原子尚无正式映射；语义候选需验证版本、结构和年份,"1996 ""Ford F-100 Ranger"" ""Ford Ranger"" ""Pickup""",年份、Make、Model、版本、结构均与DIMENSION-ID语义一致,0.9000
Dodge Caravan SWB MPV 1996-2000,1997,Dodge,Caravan,Dodge Caravan,SWB,MPV,,,Dodge,Grand Caravan,4A全覆盖-MODEL_CONTAINS,待联网审核,4A原子尚无正式映射；语义候选需验证版本、结构和年份,"1997 ""Dodge Grand Caravan"" ""Dodge Caravan"" ""SWB"" ""MPV""",年份、Make、Model、版本、结构均与DIMENSION-ID语义一致,0.9000
Ford Ranger Pickup 1993-1997 Regular 6,1997,Ford,Ranger,Ford Ranger,,Pickup,Regular,6,Ford,F-100 Ranger,4A全覆盖-MODEL_CONTAINS,待联网审核,4A原子尚无正式映射；语义候选需验证版本、结构和年份,"1997 ""Ford F-100 Ranger"" ""Ford Ranger"" ""Pickup""",年份、Make、Model、版本、结构均与DIMENSION-ID语义一致,0.9000
Ford Ranger Pickup 1993-1997 SuperCab 6,1997,Ford,Ranger,Ford Ranger,,Pickup,SuperCab,6,Ford,F-100 Ranger,4A全覆盖-MODEL_CONTAINS,待联网审核,4A原子尚无正式映射；语义候选需验证版本、结构和年份,"1997 ""Ford F-100 Ranger"" ""Ford Ranger"" ""Pickup""",年份、Make、Model、版本、结构均与DIMENSION-ID语义一致,0.9000
Dodge Caravan SWB MPV 1996-2000,1998,Dodge,Caravan,Dodge Caravan,SWB,MPV,,,Dodge,Grand Caravan,4A全覆盖-MODEL_CONTAINS,待联网审核,4A原子尚无正式映射；语义候选需验证版本、结构和年份,"1998 ""Dodge Grand Caravan"" ""Dodge Caravan"" ""SWB"" ""MPV""",年份、Make、Model、版本、结构均与DIMENSION-ID语义一致,0.9000
Ford Ranger Pickup 1998-2011 Regular 6,1998,Ford,Ranger,Ford Ranger,,Pickup,Regular,6,Ford,F-100 Ranger,4A全覆盖-MODEL_CONTAINS,待联网审核,4A原子尚无正式映射；语义候选需验证版本、结构和年份,"1998 ""Ford F-100 Ranger"" ""Ford Ranger"" ""Pickup""",年份、Make、Model、版本、结构均与DIMENSION-ID语义一致,0.9000
Ford Ranger Pickup 1998-2011 SuperCab 6,1998,Ford,Ranger,Ford Ranger,,Pickup,SuperCab,6,Ford,F-100 Ranger,4A全覆盖-MODEL_CONTAINS,待联网审核,4A原子尚无正式映射；语义候选需验证版本、结构和年份,"1998 ""Ford F-100 Ranger"" ""Ford Ranger"" ""Pickup""",年份、Make、Model、版本、结构均与DIMENSION-ID语义一致,0.9000
Ford Ranger Pickup 1998-2011 SuperCab 7,1998,Ford,Ranger,Ford Ranger,,Pickup,SuperCab,7,Ford,F-100 Ranger,4A全覆盖-MODEL_CONTAINS,待联网审核,4A原子尚无正式映射；语义候选需验证版本、结构和年份,"1998 ""Ford F-100 Ranger"" ""Ford Ranger"" ""Pickup""",年份、Make、Model、版本、结构均与DIMENSION-ID语义一致,0.9000
Mitsubishi Montero Sport SUV 1997-2004,1998,Mitsubishi,Montero Sport,Mitsubishi Montero Sport,,SUV,,,Mitsubishi,Montero,4A全覆盖-MODEL_CONTAINS,待联网审核,4A原子尚无正式映射；语义候选需验证版本、结构和年份,"1998 ""Mitsubishi Montero"" ""Mitsubishi Montero Sport"" ""SUV""",年份、Make、Model、版本、结构均与DIMENSION-ID语义一致,0.9000
Chevrolet Silverado 1500 Pickup 1999 Regular 8,1999,Chevrolet,Silverado 1500,Chevrolet Silverado 1500,,Pickup,Regular,8,Chevrolet,Silverado,4A全覆盖-MODEL_CONTAINS,待联网审核,4A原子尚无正式映射；语义候选需验证版本、结构和年份,"1999 ""Chevrolet Silverado"" ""Chevrolet Silverado 1500"" ""Pickup""",年份、Make、Model、版本、结构均与DIMENSION-ID语义一致,0.9000
Chevrolet Silverado 1500 Pickup 1999-2004 Extended 8,1999,Chevrolet,Silverado 1500,Chevrolet Silverado 1500,,Pickup,Extended,8,Chevrolet,Silverado,4A全覆盖-MODEL_CONTAINS,待联网审核,4A原子尚无正式映射；语义候选需验证版本、结构和年份,"1999 ""Chevrolet Silverado"" ""Chevrolet Silverado 1500"" ""Pickup""",年份、Make、Model、版本、结构均与DIMENSION-ID语义一致,0.9000
Chevrolet Silverado 1500 Pickup 1999-2006 Extended 6.5,1999,Chevrolet,Silverado 1500,Chevrolet Silverado 1500,,Pickup,Extended,6.5,Chevrolet,Silverado,4A全覆盖-MODEL_CONTAINS,待联网审核,4A原子尚无正式映射；语义候选需验证版本、结构和年份,"1999 ""Chevrolet Silverado"" ""Chevrolet Silverado 1500"" ""Pickup""",年份、Make、Model、版本、结构均与DIMENSION-ID语义一致,0.9000
Chevrolet Silverado 1500 Pickup 1999 Regular 8,1999,Chevrolet,Silverado 1500,Chevrolet Silverado 1500,,Pickup,Regular,8,Chevrolet,Silverado 2500,4A全覆盖-MODEL_SIMILAR,待联网审核,4A原子尚无正式映射；语义候选需验证版本、结构和年份,"1999 ""Chevrolet Silverado 2500"" ""Chevrolet Silverado 1500"" ""Pickup""",年份、Make、Model、版本、结构均与DIMENSION-ID语义一致,0.9231
Chevrolet Silverado 1500 Pickup 1999-2004 Extended 8,1999,Chevrolet,Silverado 1500,Chevrolet Silverado 1500,,Pickup,Extended,8,Chevrolet,Silverado 2500,4A全覆盖-MODEL_SIMILAR,待联网审核,4A原子尚无正式映射；语义候选需验证版本、结构和年份,"1999 ""Chevrolet Silverado 2500"" ""Chevrolet Silverado 1500"" ""Pickup""",年份、Make、Model、版本、结构均与DIMENSION-ID语义一致,0.9231
Chevrolet Silverado 1500 Pickup 1999-2006 Extended 6.5,1999,Chevrolet,Silverado 1500,Chevrolet Silverado 1500,,Pickup,Extended,6.5,Chevrolet,Silverado 2500,4A全覆盖-MODEL_SIMILAR,待联网审核,4A原子尚无正式映射；语义候选需验证版本、结构和年份,"1999 ""Chevrolet Silverado 2500"" ""Chevrolet Silverado 1500"" ""Pickup""",年份、Make、Model、版本、结构均与DIMENSION-ID语义一致,0.9231
Dodge Caravan SWB MPV 1996-2000,1999,Dodge,Caravan,Dodge Caravan,SWB,MPV,,,Dodge,Grand Caravan,4A全覆盖-MODEL_CONTAINS,待联网审核,4A原子尚无正式映射；语义候选需验证版本、结构和年份,"1999 ""Dodge Grand Caravan"" ""Dodge Caravan"" ""SWB"" ""MPV""",年份、Make、Model、版本、结构均与DIMENSION-ID语义一致,0.9000
Ford F-350 Super Duty DRW Pickup 1999-2004 Crew 8,1999,Ford,F-350 Super Duty,Ford F-350 Super Duty,DRW,Pickup,Crew,8,Ford,E-350 Super Duty,4A全覆盖-MODEL_SIMILAR,待联网审核,4A原子尚无正式映射；语义候选需验证版本、结构和年份,"1999 ""Ford E-350 Super Duty"" ""Ford F-350 Super Duty"" ""DRW"" ""Pickup""",年份、Make、Model、版本、结构均与DIMENSION-ID语义一致,0.9231
Ford F-350 Super Duty DRW Pickup 1999-2007 Regular 8,1999,Ford,F-350 Super Duty,Ford F-350 Super Duty,DRW,Pickup,Regular,8,Ford,E-350 Super Duty,4A全覆盖-MODEL_SIMILAR,待联网审核,4A原子尚无正式映射；语义候选需验证版本、结构和年份,"1999 ""Ford E-350 Super Duty"" ""Ford F-350 Super Duty"" ""DRW"" ""Pickup""",年份、Make、Model、版本、结构均与DIMENSION-ID语义一致,0.9231
Ford Ranger Pickup 1998-2011 Regular 6,1999,Ford,Ranger,Ford Ranger,,Pickup,Regular,6,Ford,F-100 Ranger,4A全覆盖-MODEL_CONTAINS,待联网审核,4A原子尚无正式映射；语义候选需验证版本、结构和年份,"1999 ""Ford F-100 Ranger"" ""Ford Ranger"" ""Pickup""",年份、Make、Model、版本、结构均与DIMENSION-ID语义一致,0.9000
Ford Ranger Pickup 1998-2011 SuperCab 6,1999,Ford,Ranger,Ford Ranger,,Pickup,SuperCab,6,Ford,F-100 Ranger,4A全覆盖-MODEL_CONTAINS,待联网审核,4A原子尚无正式映射；语义候选需验证版本、结构和年份,"1999 ""Ford F-100 Ranger"" ""Ford Ranger"" ""Pickup""",年份、Make、Model、版本、结构均与DIMENSION-ID语义一致,0.9000
Ford Ranger Pickup 1998-2011 SuperCab 7,1999,Ford,Ranger,Ford Ranger,,Pickup,SuperCab,7,Ford,F-100 Ranger,4A全覆盖-MODEL_CONTAINS,待联网审核,4A原子尚无正式映射；语义候选需验证版本、结构和年份,"1999 ""Ford F-100 Ranger"" ""Ford Ranger"" ""Pickup""",年份、Make、Model、版本、结构均与DIMENSION-ID语义一致,0.9000
Ford F-250/F-350 Super Duty Pickup 1999-2000 SuperCab 8,1999,Ford,F-250/F-350 Super Duty,Ford F-250/F-350 Super Duty,,Pickup,SuperCab,8,Ford,F-350,4A全覆盖-MODEL_CONTAINS,待联网审核,4A原子尚无正式映射；语义候选需验证版本、结构和年份,"1999 ""Ford F-350"" ""Ford F-250/F-350 Super Duty"" ""Pickup""",年份、Make、Model、版本、结构均与DIMENSION-ID语义一致,0.9000
Ford F-250/F-350 Super Duty Pickup 1999-2007 Crew 6.8,1999,Ford,F-250/F-350 Super Duty,Ford F-250/F-350 Super Duty,,Pickup,Crew,6.8,Ford,F-350,4A全覆盖-MODEL_CONTAINS,待联网审核,4A原子尚无正式映射；语义候选需验证版本、结构和年份,"1999 ""Ford F-350"" ""Ford F-250/F-350 Super Duty"" ""Pickup""",年份、Make、Model、版本、结构均与DIMENSION-ID语义一致,0.9000
Ford F-250/F-350 Super Duty Pickup 1999-2007 Crew 8,1999,Ford,F-250/F-350 Super Duty,Ford F-250/F-350 Super Duty,,Pickup,Crew,8,Ford,F-350,4A全覆盖-MODEL_CONTAINS,待联网审核,4A原子尚无正式映射；语义候选需验证版本、结构和年份,"1999 ""Ford F-350"" ""Ford F-250/F-350 Super Duty"" ""Pickup""",年份、Make、Model、版本、结构均与DIMENSION-ID语义一致,0.9000
Ford F-250/F-350 Super Duty Pickup 1999-2007 Regular 8,1999,Ford,F-250/F-350 Super Duty,Ford F-250/F-350 Super Duty,,Pickup,Regular,8,Ford,F-350,4A全覆盖-MODEL_CONTAINS,待联网审核,4A原子尚无正式映射；语义候选需验证版本、结构和年份,"1999 ""Ford F-350"" ""Ford F-250/F-350 Super Duty"" ""Pickup""",年份、Make、Model、版本、结构均与DIMENSION-ID语义一致,0.9000
Ford F-250/F-350 Super Duty Pickup 1999-2007 SuperCab 6.8,1999,Ford,F-250/F-350 Super Duty,Ford F-250/F-350 Super Duty,,Pickup,SuperCab,6.8,Ford,F-350,4A全覆盖-MODEL_CONTAINS,待联网审核,4A原子尚无正式映射；语义候选需验证版本、结构和年份,"1999 ""Ford F-350"" ""Ford F-250/F-350 Super Duty"" ""Pickup""",年份、Make、Model、版本、结构均与DIMENSION-ID语义一致,0.9000
GMC Sierra 1500 Pickup 1999-2006 Extended 6.6,1999,GMC,Sierra 1500,GMC Sierra 1500,,Pickup,Extended,6.6,GMC,Sierra 2500,4A全覆盖-MODEL_SIMILAR,待联网审核,4A原子尚无正式映射；语义候选需验证版本、结构和年份,"1999 ""GMC Sierra 2500"" ""GMC Sierra 1500"" ""Pickup""",年份、Make、Model、版本、结构均与DIMENSION-ID语义一致,0.9000
GMC Sierra 1500 Pickup 1999-2006 Extended 8,1999,GMC,Sierra 1500,GMC Sierra 1500,,Pickup,Extended,8,GMC,Sierra 2500,4A全覆盖-MODEL_SIMILAR,待联网审核,4A原子尚无正式映射；语义候选需验证版本、结构和年份,"1999 ""GMC Sierra 2500"" ""GMC Sierra 1500"" ""Pickup""",年份、Make、Model、版本、结构均与DIMENSION-ID语义一致,0.9000
GMC Sierra 1500 Pickup 1999-2006 Regular 8,1999,GMC,Sierra 1500,GMC Sierra 1500,,Pickup,Regular,8,GMC,Sierra 2500,4A全覆盖-MODEL_SIMILAR,待联网审核,4A原子尚无正式映射；语义候选需验证版本、结构和年份,"1999 ""GMC Sierra 2500"" ""GMC Sierra 1500"" ""Pickup""",年份、Make、Model、版本、结构均与DIMENSION-ID语义一致,0.9000
Suzuki Grand Vitara SUV 1999-2000,1999,Suzuki,Grand Vitara,Suzuki Grand Vitara,,SUV,,,Suzuki,Vitara,4A全覆盖-MODEL_CONTAINS,待联网审核,4A原子尚无正式映射；语义候选需验证版本、结构和年份,"1999 ""Suzuki Vitara"" ""Suzuki Grand Vitara"" ""SUV""",年份、Make、Model、版本、结构均与DIMENSION-ID语义一致,0.9000
Chevrolet Silverado 1500 Pickup 1999-2004 Extended 8,2000,Chevrolet,Silverado 1500,Chevrolet Silverado 1500,,Pickup,Extended,8,Chevrolet,Silverado 2500,4A全覆盖-MODEL_SIMILAR,待联网审核,4A原子尚无正式映射；语义候选需验证版本、结构和年份,"2000 ""Chevrolet Silverado 2500"" ""Chevrolet Silverado 1500"" ""Pickup""",年份、Make、Model、版本、结构均与DIMENSION-ID语义一致,0.9231
Chevrolet Silverado 1500 Pickup 1999-2006 Extended 6.5,2000,Chevrolet,Silverado 1500,Chevrolet Silverado 1500,,Pickup,Extended,6.5,Chevrolet,Silverado 2500,4A全覆盖-MODEL_SIMILAR,待联网审核,4A原子尚无正式映射；语义候选需验证版本、结构和年份,"2000 ""Chevrolet Silverado 2500"" ""Chevrolet Silverado 1500"" ""Pickup""",年份、Make、Model、版本、结构均与DIMENSION-ID语义一致,0.9231
Chevrolet Silverado 1500 Pickup 2000-2004 Regular 8,2000,Chevrolet,Silverado 1500,Chevrolet Silverado 1500,,Pickup,Regular,8,Chevrolet,Silverado 2500,4A全覆盖-MODEL_SIMILAR,待联网审核,4A原子尚无正式映射；语义候选需验证版本、结构和年份,"2000 ""Chevrolet Silverado 2500"" ""Chevrolet Silverado 1500"" ""Pickup""",年份、Make、Model、版本、结构均与DIMENSION-ID语义一致,0.9231
Chrysler Voyager MPV 2000,2000,Chrysler,Voyager,Chrysler Voyager,,MPV,,,Chrysler,Grand Voyager,4A全覆盖-MODEL_CONTAINS,待联网审核,4A原子尚无正式映射；语义候选需验证版本、结构和年份,"2000 ""Chrysler Grand Voyager"" ""Chrysler Voyager"" ""MPV""",年份、Make、Model、版本、结构均与DIMENSION-ID语义一致,0.9000
Dodge Caravan SWB MPV 1996-2000,2000,Dodge,Caravan,Dodge Caravan,SWB,MPV,,,Dodge,Grand Caravan,4A全覆盖-MODEL_CONTAINS,待联网审核,4A原子尚无正式映射；语义候选需验证版本、结构和年份,"2000 ""Dodge Grand Caravan"" ""Dodge Caravan"" ""SWB"" ""MPV""",年份、Make、Model、版本、结构均与DIMENSION-ID语义一致,0.9000
Ford F-350 Super Duty DRW Pickup 1999-2004 Crew 8,2000,Ford,F-350 Super Duty,Ford F-350 Super Duty,DRW,Pickup,Crew,8,Ford,E-350 Super Duty,4A全覆盖-MODEL_SIMILAR,待联网审核,4A原子尚无正式映射；语义候选需验证版本、结构和年份,"2000 ""Ford E-350 Super Duty"" ""Ford F-350 Super Duty"" ""DRW"" ""Pickup""",年份、Make、Model、版本、结构均与DIMENSION-ID语义一致,0.9231
Ford F-350 Super Duty DRW Pickup 1999-2007 Regular 8,2000,Ford,F-350 Super Duty,Ford F-350 Super Duty,DRW,Pickup,Regular,8,Ford,E-350 Super Duty,4A全覆盖-MODEL_SIMILAR,待联网审核,4A原子尚无正式映射；语义候选需验证版本、结构和年份,"2000 ""Ford E-350 Super Duty"" ""Ford F-350 Super Duty"" ""DRW"" ""Pickup""",年份、Make、Model、版本、结构均与DIMENSION-ID语义一致,0.9231
Ford Ranger Pickup 1998-2011 Regular 6,2000,Ford,Ranger,Ford Ranger,,Pickup,Regular,6,Ford,F-100 Ranger,4A全覆盖-MODEL_CONTAINS,待联网审核,4A原子尚无正式映射；语义候选需验证版本、结构和年份,"2000 ""Ford F-100 Ranger"" ""Ford Ranger"" ""Pickup""",年份、Make、Model、版本、结构均与DIMENSION-ID语义一致,0.9000
Ford Ranger Pickup 1998-2011 SuperCab 6,2000,Ford,Ranger,Ford Ranger,,Pickup,SuperCab,6,Ford,F-100 Ranger,4A全覆盖-MODEL_CONTAINS,待联网审核,4A原子尚无正式映射；语义候选需验证版本、结构和年份,"2000 ""Ford F-100 Ranger"" ""Ford Ranger"" ""Pickup""",年份、Make、Model、版本、结构均与DIMENSION-ID语义一致,0.9000
Ford Ranger Pickup 1998-2011 SuperCab 7,2000,Ford,Ranger,Ford Ranger,,Pickup,SuperCab,7,Ford,F-100 Ranger,4A全覆盖-MODEL_CONTAINS,待联网审核,4A原子尚无正式映射；语义候选需验证版本、结构和年份,"2000 ""Ford F-100 Ranger"" ""Ford Ranger"" ""Pickup""",年份、Make、Model、版本、结构均与DIMENSION-ID语义一致,0.9000
Ford F-250/F-350 Super Duty Pickup 1999-2000 SuperCab 8,2000,Ford,F-250/F-350 Super Duty,Ford F-250/F-350 Super Duty,,Pickup,SuperCab,8,Ford,F-350,4A全覆盖-MODEL_CONTAINS,待联网审核,4A原子尚无正式映射；语义候选需验证版本、结构和年份,"2000 ""Ford F-350"" ""Ford F-250/F-350 Super Duty"" ""Pickup""",年份、Make、Model、版本、结构均与DIMENSION-ID语义一致,0.9000
Ford F-250/F-350 Super Duty Pickup 1999-2007 Crew 6.8,2000,Ford,F-250/F-350 Super Duty,Ford F-250/F-350 Super Duty,,Pickup,Crew,6.8,Ford,F-350,4A全覆盖-MODEL_CONTAINS,待联网审核,4A原子尚无正式映射；语义候选需验证版本、结构和年份,"2000 ""Ford F-350"" ""Ford F-250/F-350 Super Duty"" ""Pickup""",年份、Make、Model、版本、结构均与DIMENSION-ID语义一致,0.9000
Ford F-250/F-350 Super Duty Pickup 1999-2007 Crew 8,2000,Ford,F-250/F-350 Super Duty,Ford F-250/F-350 Super Duty,,Pickup,Crew,8,Ford,F-350,4A全覆盖-MODEL_CONTAINS,待联网审核,4A原子尚无正式映射；语义候选需验证版本、结构和年份,"2000 ""Ford F-350"" ""Ford F-250/F-350 Super Duty"" ""Pickup""",年份、Make、Model、版本、结构均与DIMENSION-ID语义一致,0.9000
Ford F-250/F-350 Super Duty Pickup 1999-2007 Regular 8,2000,Ford,F-250/F-350 Super Duty,Ford F-250/F-350 Super Duty,,Pickup,Regular,8,Ford,F-350,4A全覆盖-MODEL_CONTAINS,待联网审核,4A原子尚无正式映射；语义候选需验证版本、结构和年份,"2000 ""Ford F-350"" ""Ford F-250/F-350 Super Duty"" ""Pickup""",年份、Make、Model、版本、结构均与DIMENSION-ID语义一致,0.9000
Ford F-250/F-350 Super Duty Pickup 1999-2007 SuperCab 6.8,2000,Ford,F-250/F-350 Super Duty,Ford F-250/F-350 Super Duty,,Pickup,SuperCab,6.8,Ford,F-350,4A全覆盖-MODEL_CONTAINS,待联网审核,4A原子尚无正式映射；语义候选需验证版本、结构和年份,"2000 ""Ford F-350"" ""Ford F-250/F-350 Super Duty"" ""Pickup""",年份、Make、Model、版本、结构均与DIMENSION-ID语义一致,0.9000
GMC Sierra 1500 Pickup 1999-2006 Extended 6.6,2000,GMC,Sierra 1500,GMC Sierra 1500,,Pickup,Extended,6.6,GMC,Sierra 2500,4A全覆盖-MODEL_SIMILAR,待联网审核,4A原子尚无正式映射；语义候选需验证版本、结构和年份,"2000 ""GMC Sierra 2500"" ""GMC Sierra 1500"" ""Pickup""",年份、Make、Model、版本、结构均与DIMENSION-ID语义一致,0.9000
GMC Sierra 1500 Pickup 1999-2006 Extended 8,2000,GMC,Sierra 1500,GMC Sierra 1500,,Pickup,Extended,8,GMC,Sierra 2500,4A全覆盖-MODEL_SIMILAR,待联网审核,4A原子尚无正式映射；语义候选需验证版本、结构和年份,"2000 ""GMC Sierra 2500"" ""GMC Sierra 1500"" ""Pickup""",年份、Make、Model、版本、结构均与DIMENSION-ID语义一致,0.9000
GMC Sierra 1500 Pickup 1999-2006 Regular 8,2000,GMC,Sierra 1500,GMC Sierra 1500,,Pickup,Regular,8,GMC,Sierra 2500,4A全覆盖-MODEL_SIMILAR,待联网审核,4A原子尚无正式映射；语义候选需验证版本、结构和年份,"2000 ""GMC Sierra 2500"" ""GMC Sierra 1500"" ""Pickup""",年份、Make、Model、版本、结构均与DIMENSION-ID语义一致,0.9000
Suzuki Grand Vitara SUV 1999-2000,2000,Suzuki,Grand Vitara,Suzuki Grand Vitara,,SUV,,,Suzuki,Vitara,4A全覆盖-MODEL_CONTAINS,待联网审核,4A原子尚无正式映射；语义候选需验证版本、结构和年份,"2000 ""Suzuki Vitara"" ""Suzuki Grand Vitara"" ""SUV""",年份、Make、Model、版本、结构均与DIMENSION-ID语义一致,0.9000
Chevrolet Silverado 1500 Pickup 1999-2004 Extended 8,2001,Chevrolet,Silverado 1500,Chevrolet Silverado 1500,,Pickup,Extended,8,Chevrolet,Silverado 2500,4A全覆盖-MODEL_SIMILAR,待联网审核,4A原子尚无正式映射；语义候选需验证版本、结构和年份,"2001 ""Chevrolet Silverado 2500"" ""Chevrolet Silverado 1500"" ""Pickup""",年份、Make、Model、版本、结构均与DIMENSION-ID语义一致,0.9231
Chevrolet Silverado 1500 Pickup 1999-2006 Extended 6.5,2001,Chevrolet,Silverado 1500,Chevrolet Silverado 1500,,Pickup,Extended,6.5,Chevrolet,Silverado 2500,4A全覆盖-MODEL_SIMILAR,待联网审核,4A原子尚无正式映射；语义候选需验证版本、结构和年份,"2001 ""Chevrolet Silverado 2500"" ""Chevrolet Silverado 1500"" ""Pickup""",年份、Make、Model、版本、结构均与DIMENSION-ID语义一致,0.9231
Chevrolet Silverado 1500 Pickup 2000-2004 Regular 8,2001,Chevrolet,Silverado 1500,Chevrolet Silverado 1500,,Pickup,Regular,8,Chevrolet,Silverado 2500,4A全覆盖-MODEL_SIMILAR,待联网审核,4A原子尚无正式映射；语义候选需验证版本、结构和年份,"2001 ""Chevrolet Silverado 2500"" ""Chevrolet Silverado 1500"" ""Pickup""",年份、Make、Model、版本、结构均与DIMENSION-ID语义一致,0.9231
Chevrolet Silverado 2500HD/3500HD Pickup 2001-2006 Crew 8,2001,Chevrolet,Silverado 2500HD/3500HD,Chevrolet Silverado 2500HD/3500HD,,Pickup,Crew,8,Chevrolet,Silverado 2500,4A全覆盖-MODEL_CONTAINS,待联网审核,4A原子尚无正式映射；语义候选需验证版本、结构和年份,"2001 ""Chevrolet Silverado 2500"" ""Chevrolet Silverado 2500HD/3500HD"" ""Pickup""",年份、Make、Model、版本、结构均与DIMENSION-ID语义一致,0.9000
Chevrolet Silverado 2500HD/3500HD Pickup 2001-2006 Regular 8,2001,Chevrolet,Silverado 2500HD/3500HD,Chevrolet Silverado 2500HD/3500HD,,Pickup,Regular,8,Chevrolet,Silverado 2500,4A全覆盖-MODEL_CONTAINS,待联网审核,4A原子尚无正式映射；语义候选需验证版本、结构和年份,"2001 ""Chevrolet Silverado 2500"" ""Chevrolet Silverado 2500HD/3500HD"" ""Pickup""",年份、Make、Model、版本、结构均与DIMENSION-ID语义一致,0.9000
Chevrolet Silverado 1500 Pickup 1999-2004 Extended 8,2001,Chevrolet,Silverado 1500,Chevrolet Silverado 1500,,Pickup,Extended,8,Chevrolet,Silverado 3500,4A全覆盖-MODEL_SIMILAR,待联网审核,4A原子尚无正式映射；语义候选需验证版本、结构和年份,"2001 ""Chevrolet Silverado 3500"" ""Chevrolet Silverado 1500"" ""Pickup""",年份、Make、Model、版本、结构均与DIMENSION-ID语义一致,0.9231
Chevrolet Silverado 1500 Pickup 1999-2006 Extended 6.5,2001,Chevrolet,Silverado 1500,Chevrolet Silverado 1500,,Pickup,Extended,6.5,Chevrolet,Silverado 3500,4A全覆盖-MODEL_SIMILAR,待联网审核,4A原子尚无正式映射；语义候选需验证版本、结构和年份,"2001 ""Chevrolet Silverado 3500"" ""Chevrolet Silverado 1500"" ""Pickup""",年份、Make、Model、版本、结构均与DIMENSION-ID语义一致,0.9231
Chevrolet Silverado 1500 Pickup 2000-2004 Regular 8,2001,Chevrolet,Silverado 1500,Chevrolet Silverado 1500,,Pickup,Regular,8,Chevrolet,Silverado 3500,4A全覆盖-MODEL_SIMILAR,待联网审核,4A原子尚无正式映射；语义候选需验证版本、结构和年份,"2001 ""Chevrolet Silverado 3500"" ""Chevrolet Silverado 1500"" ""Pickup""",年份、Make、Model、版本、结构均与DIMENSION-ID语义一致,0.9231
Chrysler Voyager MPV 2001-2003,2001,Chrysler,Voyager,Chrysler Voyager,,MPV,,,Chrysler,Grand Voyager,4A全覆盖-MODEL_CONTAINS,待联网审核,4A原子尚无正式映射；语义候选需验证版本、结构和年份,"2001 ""Chrysler Grand Voyager"" ""Chrysler Voyager"" ""MPV""",年份、Make、Model、版本、结构均与DIMENSION-ID语义一致,0.9000
Dodge Caravan SWB MPV 2001-2007,2001,Dodge,Caravan,Dodge Caravan,SWB,MPV,,,Dodge,Grand Caravan,4A全覆盖-MODEL_CONTAINS,待联网审核,4A原子尚无正式映射；语义候选需验证版本、结构和年份,"2001 ""Dodge Grand Caravan"" ""Dodge Caravan"" ""SWB"" ""MPV""",年份、Make、Model、版本、结构均与DIMENSION-ID语义一致,0.9000
Ford F-350 Super Duty DRW Pickup 1999-2004 Crew 8,2001,Ford,F-350 Super Duty,Ford F-350 Super Duty,DRW,Pickup,Crew,8,Ford,E-350 Super Duty,4A全覆盖-MODEL_SIMILAR,待联网审核,4A原子尚无正式映射；语义候选需验证版本、结构和年份,"2001 ""Ford E-350 Super Duty"" ""Ford F-350 Super Duty"" ""DRW"" ""Pickup""",年份、Make、Model、版本、结构均与DIMENSION-ID语义一致,0.9231
Ford F-350 Super Duty DRW Pickup 1999-2007 Regular 8,2001,Ford,F-350 Super Duty,Ford F-350 Super Duty,DRW,Pickup,Regular,8,Ford,E-350 Super Duty,4A全覆盖-MODEL_SIMILAR,待联网审核,4A原子尚无正式映射；语义候选需验证版本、结构和年份,"2001 ""Ford E-350 Super Duty"" ""Ford F-350 Super Duty"" ""DRW"" ""Pickup""",年份、Make、Model、版本、结构均与DIMENSION-ID语义一致,0.9231
Ford Ranger Pickup 1998-2011 Regular 6,2001,Ford,Ranger,Ford Ranger,,Pickup,Regular,6,Ford,F-100 Ranger,4A全覆盖-MODEL_CONTAINS,待联网审核,4A原子尚无正式映射；语义候选需验证版本、结构和年份,"2001 ""Ford F-100 Ranger"" ""Ford Ranger"" ""Pickup""",年份、Make、Model、版本、结构均与DIMENSION-ID语义一致,0.9000
Ford Ranger Pickup 1998-2011 SuperCab 6,2001,Ford,Ranger,Ford Ranger,,Pickup,SuperCab,6,Ford,F-100 Ranger,4A全覆盖-MODEL_CONTAINS,待联网审核,4A原子尚无正式映射；语义候选需验证版本、结构和年份,"2001 ""Ford F-100 Ranger"" ""Ford Ranger"" ""Pickup""",年份、Make、Model、版本、结构均与DIMENSION-ID语义一致,0.9000
Ford Ranger Pickup 1998-2011 SuperCab 7,2001,Ford,Ranger,Ford Ranger,,Pickup,SuperCab,7,Ford,F-100 Ranger,4A全覆盖-MODEL_CONTAINS,待联网审核,4A原子尚无正式映射；语义候选需验证版本、结构和年份,"2001 ""Ford F-100 Ranger"" ""Ford Ranger"" ""Pickup""",年份、Make、Model、版本、结构均与DIMENSION-ID语义一致,0.9000
Ford F-250/F-350 Super Duty Pickup 1999-2007 Crew 6.8,2001,Ford,F-250/F-350 Super Duty,Ford F-250/F-350 Super Duty,,Pickup,Crew,6.8,Ford,F-350,4A全覆盖-MODEL_CONTAINS,待联网审核,4A原子尚无正式映射；语义候选需验证版本、结构和年份,"2001 ""Ford F-350"" ""Ford F-250/F-350 Super Duty"" ""Pickup""",年份、Make、Model、版本、结构均与DIMENSION-ID语义一致,0.9000
Ford F-250/F-350 Super Duty Pickup 1999-2007 Crew 8,2001,Ford,F-250/F-350 Super Duty,Ford F-250/F-350 Super Duty,,Pickup,Crew,8,Ford,F-350,4A全覆盖-MODEL_CONTAINS,待联网审核,4A原子尚无正式映射；语义候选需验证版本、结构和年份,"2001 ""Ford F-350"" ""Ford F-250/F-350 Super Duty"" ""Pickup""",年份、Make、Model、版本、结构均与DIMENSION-ID语义一致,0.9000
Ford F-250/F-350 Super Duty Pickup 1999-2007 Regular 8,2001,Ford,F-250/F-350 Super Duty,Ford F-250/F-350 Super Duty,,Pickup,Regular,8,Ford,F-350,4A全覆盖-MODEL_CONTAINS,待联网审核,4A原子尚无正式映射；语义候选需验证版本、结构和年份,"2001 ""Ford F-350"" ""Ford F-250/F-350 Super Duty"" ""Pickup""",年份、Make、Model、版本、结构均与DIMENSION-ID语义一致,0.9000
Ford F-250/F-350 Super Duty Pickup 1999-2007 SuperCab 6.8,2001,Ford,F-250/F-350 Super Duty,Ford F-250/F-350 Super Duty,,Pickup,SuperCab,6.8,Ford,F-350,4A全覆盖-MODEL_CONTAINS,待联网审核,4A原子尚无正式映射；语义候选需验证版本、结构和年份,"2001 ""Ford F-350"" ""Ford F-250/F-350 Super Duty"" ""Pickup""",年份、Make、Model、版本、结构均与DIMENSION-ID语义一致,0.9000
Ford F-250/F-350 Super Duty Pickup 2001-2004 SuperCab 8,2001,Ford,F-250/F-350 Super Duty,Ford F-250/F-350 Super Duty,,Pickup,SuperCab,8,Ford,F-350,4A全覆盖-MODEL_CONTAINS,待联网审核,4A原子尚无正式映射；语义候选需验证版本、结构和年份,"2001 ""Ford F-350"" ""Ford F-250/F-350 Super Duty"" ""Pickup""",年份、Make、Model、版本、结构均与DIMENSION-ID语义一致,0.9000
GMC Sierra 1500 Pickup 1999-2006 Extended 6.6,2001,GMC,Sierra 1500,GMC Sierra 1500,,Pickup,Extended,6.6,GMC,Sierra 1500 HD,4A全覆盖-MODEL_CONTAINS,待联网审核,4A原子尚无正式映射；语义候选需验证版本、结构和年份,"2001 ""GMC Sierra 1500 HD"" ""GMC Sierra 1500"" ""Pickup""",年份、Make、Model、版本、结构均与DIMENSION-ID语义一致,0.9000
GMC Sierra 1500 Pickup 1999-2006 Extended 8,2001,GMC,Sierra 1500,GMC Sierra 1500,,Pickup,Extended,8,GMC,Sierra 1500 HD,4A全覆盖-MODEL_CONTAINS,待联网审核,4A原子尚无正式映射；语义候选需验证版本、结构和年份,"2001 ""GMC Sierra 1500 HD"" ""GMC Sierra 1500"" ""Pickup""",年份、Make、Model、版本、结构均与DIMENSION-ID语义一致,0.9000
GMC Sierra 1500 Pickup 1999-2006 Regular 8,2001,GMC,Sierra 1500,GMC Sierra 1500,,Pickup,Regular,8,GMC,Sierra 1500 HD,4A全覆盖-MODEL_CONTAINS,待联网审核,4A原子尚无正式映射；语义候选需验证版本、结构和年份,"2001 ""GMC Sierra 1500 HD"" ""GMC Sierra 1500"" ""Pickup""",年份、Make、Model、版本、结构均与DIMENSION-ID语义一致,0.9000
GMC Sierra 1500 Pickup 1999-2006 Extended 6.6,2001,GMC,Sierra 1500,GMC Sierra 1500,,Pickup,Extended,6.6,GMC,Sierra 2500,4A全覆盖-MODEL_SIMILAR,待联网审核,4A原子尚无正式映射；语义候选需验证版本、结构和年份,"2001 ""GMC Sierra 2500"" ""GMC Sierra 1500"" ""Pickup""",年份、Make、Model、版本、结构均与DIMENSION-ID语义一致,0.9000
GMC Sierra 1500 Pickup 1999-2006 Extended 8,2001,GMC,Sierra 1500,GMC Sierra 1500,,Pickup,Extended,8,GMC,Sierra 2500,4A全覆盖-MODEL_SIMILAR,待联网审核,4A原子尚无正式映射；语义候选需验证版本、结构和年份,"2001 ""GMC Sierra 2500"" ""GMC Sierra 1500"" ""Pickup""",年份、Make、Model、版本、结构均与DIMENSION-ID语义一致,0.9000
GMC Sierra 1500 Pickup 1999-2006 Regular 8,2001,GMC,Sierra 1500,GMC Sierra 1500,,Pickup,Regular,8,GMC,Sierra 2500,4A全覆盖-MODEL_SIMILAR,待联网审核,4A原子尚无正式映射；语义候选需验证版本、结构和年份,"2001 ""GMC Sierra 2500"" ""GMC Sierra 1500"" ""Pickup""",年份、Make、Model、版本、结构均与DIMENSION-ID语义一致,0.9000
GMC Sierra 2500HD/3500HD DRW Pickup 2001-2007 Crew 8,2001,GMC,Sierra 2500HD/3500HD,GMC Sierra 2500HD/3500HD,DRW,Pickup,Crew,8,GMC,Sierra 2500,4A全覆盖-MODEL_CONTAINS,待联网审核,4A原子尚无正式映射；语义候选需验证版本、结构和年份,"2001 ""GMC Sierra 2500"" ""GMC Sierra 2500HD/3500HD"" ""DRW"" ""Pickup""",年份、Make、Model、版本、结构均与DIMENSION-ID语义一致,0.9000
GMC Sierra 2500HD/3500HD Pickup 2001-2007 Crew 6.8,2001,GMC,Sierra 2500HD/3500HD,GMC Sierra 2500HD/3500HD,,Pickup,Crew,6.8,GMC,Sierra 2500,4A全覆盖-MODEL_CONTAINS,待联网审核,4A原子尚无正式映射；语义候选需验证版本、结构和年份,"2001 ""GMC Sierra 2500"" ""GMC Sierra 2500HD/3500HD"" ""Pickup""",年份、Make、Model、版本、结构均与DIMENSION-ID语义一致,0.9000
Suzuki Grand Vitara SUV 2001,2001,Suzuki,Grand Vitara,Suzuki Grand Vitara,,SUV,,,Suzuki,Vitara,4A全覆盖-MODEL_CONTAINS,待联网审核,4A原子尚无正式映射；语义候选需验证版本、结构和年份,"2001 ""Suzuki Vitara"" ""Suzuki Grand Vitara"" ""SUV""",年份、Make、Model、版本、结构均与DIMENSION-ID语义一致,0.9000
Chevrolet Silverado 1500 Pickup 1999-2004 Extended 8,2002,Chevrolet,Silverado 1500,Chevrolet Silverado 1500,,Pickup,Extended,8,Chevrolet,Silverado 2500,4A全覆盖-MODEL_SIMILAR,待联网审核,4A原子尚无正式映射；语义候选需验证版本、结构和年份,"2002 ""Chevrolet Silverado 2500"" ""Chevrolet Silverado 1500"" ""Pickup""",年份、Make、Model、版本、结构均与DIMENSION-ID语义一致,0.9231
Chevrolet Silverado 1500 Pickup 1999-2006 Extended 6.5,2002,Chevrolet,Silverado 1500,Chevrolet Silverado 1500,,Pickup,Extended,6.5,Chevrolet,Silverado 2500,4A全覆盖-MODEL_SIMILAR,待联网审核,4A原子尚无正式映射；语义候选需验证版本、结构和年份,"2002 ""Chevrolet Silverado 2500"" ""Chevrolet Silverado 1500"" ""Pickup""",年份、Make、Model、版本、结构均与DIMENSION-ID语义一致,0.9231
Chevrolet Silverado 1500 Pickup 2000-2004 Regular 8,2002,Chevrolet,Silverado 1500,Chevrolet Silverado 1500,,Pickup,Regular,8,Chevrolet,Silverado 2500,4A全覆盖-MODEL_SIMILAR,待联网审核,4A原子尚无正式映射；语义候选需验证版本、结构和年份,"2002 ""Chevrolet Silverado 2500"" ""Chevrolet Silverado 1500"" ""Pickup""",年份、Make、Model、版本、结构均与DIMENSION-ID语义一致,0.9231
Chevrolet Silverado 2500HD/3500HD Pickup 2001-2006 Crew 8,2002,Chevrolet,Silverado 2500HD/3500HD,Chevrolet Silverado 2500HD/3500HD,,Pickup,Crew,8,Chevrolet,Silverado 2500,4A全覆盖-MODEL_CONTAINS,待联网审核,4A原子尚无正式映射；语义候选需验证版本、结构和年份,"2002 ""Chevrolet Silverado 2500"" ""Chevrolet Silverado 2500HD/3500HD"" ""Pickup""",年份、Make、Model、版本、结构均与DIMENSION-ID语义一致,0.9000
Chevrolet Silverado 2500HD/3500HD Pickup 2001-2006 Regular 8,2002,Chevrolet,Silverado 2500HD/3500HD,Chevrolet Silverado 2500HD/3500HD,,Pickup,Regular,8,Chevrolet,Silverado 2500,4A全覆盖-MODEL_CONTAINS,待联网审核,4A原子尚无正式映射；语义候选需验证版本、结构和年份,"2002 ""Chevrolet Silverado 2500"" ""Chevrolet Silverado 2500HD/3500HD"" ""Pickup""",年份、Make、Model、版本、结构均与DIMENSION-ID语义一致,0.9000
Chevrolet Silverado 1500 Pickup 1999-2004 Extended 8,2002,Chevrolet,Silverado 1500,Chevrolet Silverado 1500,,Pickup,Extended,8,Chevrolet,Silverado 3500,4A全覆盖-MODEL_SIMILAR,待联网审核,4A原子尚无正式映射；语义候选需验证版本、结构和年份,"2002 ""Chevrolet Silverado 3500"" ""Chevrolet Silverado 1500"" ""Pickup""",年份、Make、Model、版本、结构均与DIMENSION-ID语义一致,0.9231
Chevrolet Silverado 1500 Pickup 1999-2006 Extended 6.5,2002,Chevrolet,Silverado 1500,Chevrolet Silverado 1500,,Pickup,Extended,6.5,Chevrolet,Silverado 3500,4A全覆盖-MODEL_SIMILAR,待联网审核,4A原子尚无正式映射；语义候选需验证版本、结构和年份,"2002 ""Chevrolet Silverado 3500"" ""Chevrolet Silverado 1500"" ""Pickup""",年份、Make、Model、版本、结构均与DIMENSION-ID语义一致,0.9231
Chevrolet Silverado 1500 Pickup 2000-2004 Regular 8,2002,Chevrolet,Silverado 1500,Chevrolet Silverado 1500,,Pickup,Regular,8,Chevrolet,Silverado 3500,4A全覆盖-MODEL_SIMILAR,待联网审核,4A原子尚无正式映射；语义候选需验证版本、结构和年份,"2002 ""Chevrolet Silverado 3500"" ""Chevrolet Silverado 1500"" ""Pickup""",年份、Make、Model、版本、结构均与DIMENSION-ID语义一致,0.9231
Chrysler Voyager MPV 2001-2003,2002,Chrysler,Voyager,Chrysler Voyager,,MPV,,,Chrysler,Grand Voyager,4A全覆盖-MODEL_CONTAINS,待联网审核,4A原子尚无正式映射；语义候选需验证版本、结构和年份,"2002 ""Chrysler Grand Voyager"" ""Chrysler Voyager"" ""MPV""",年份、Make、Model、版本、结构均与DIMENSION-ID语义一致,0.9000
Dodge Caravan SWB MPV 2001-2007,2002,Dodge,Caravan,Dodge Caravan,SWB,MPV,,,Dodge,Grand Caravan,4A全覆盖-MODEL_CONTAINS,待联网审核,4A原子尚无正式映射；语义候选需验证版本、结构和年份,"2002 ""Dodge Grand Caravan"" ""Dodge Caravan"" ""SWB"" ""MPV""",年份、Make、Model、版本、结构均与DIMENSION-ID语义一致,0.9000
Ford F-350 Super Duty DRW Pickup 1999-2004 Crew 8,2002,Ford,F-350 Super Duty,Ford F-350 Super Duty,DRW,Pickup,Crew,8,Ford,E-350 Super Duty,4A全覆盖-MODEL_SIMILAR,待联网审核,4A原子尚无正式映射；语义候选需验证版本、结构和年份,"2002 ""Ford E-350 Super Duty"" ""Ford F-350 Super Duty"" ""DRW"" ""Pickup""",年份、Make、Model、版本、结构均与DIMENSION-ID语义一致,0.9231
Ford F-350 Super Duty DRW Pickup 1999-2007 Regular 8,2002,Ford,F-350 Super Duty,Ford F-350 Super Duty,DRW,Pickup,Regular,8,Ford,E-350 Super Duty,4A全覆盖-MODEL_SIMILAR,待联网审核,4A原子尚无正式映射；语义候选需验证版本、结构和年份,"2002 ""Ford E-350 Super Duty"" ""Ford F-350 Super Duty"" ""DRW"" ""Pickup""",年份、Make、Model、版本、结构均与DIMENSION-ID语义一致,0.9231
Ford F-250/F-350 Super Duty Pickup 1999-2007 Crew 6.8,2002,Ford,F-250/F-350 Super Duty,Ford F-250/F-350 Super Duty,,Pickup,Crew,6.8,Ford,F-350,4A全覆盖-MODEL_CONTAINS,待联网审核,4A原子尚无正式映射；语义候选需验证版本、结构和年份,"2002 ""Ford F-350"" ""Ford F-250/F-350 Super Duty"" ""Pickup""",年份、Make、Model、版本、结构均与DIMENSION-ID语义一致,0.9000
Ford F-250/F-350 Super Duty Pickup 1999-2007 Crew 8,2002,Ford,F-250/F-350 Super Duty,Ford F-250/F-350 Super Duty,,Pickup,Crew,8,Ford,F-350,4A全覆盖-MODEL_CONTAINS,待联网审核,4A原子尚无正式映射；语义候选需验证版本、结构和年份,"2002 ""Ford F-350"" ""Ford F-250/F-350 Super Duty"" ""Pickup""",年份、Make、Model、版本、结构均与DIMENSION-ID语义一致,0.9000
Ford F-250/F-350 Super Duty Pickup 1999-2007 Regular 8,2002,Ford,F-250/F-350 Super Duty,Ford F-250/F-350 Super Duty,,Pickup,Regular,8,Ford,F-350,4A全覆盖-MODEL_CONTAINS,待联网审核,4A原子尚无正式映射；语义候选需验证版本、结构和年份,"2002 ""Ford F-350"" ""Ford F-250/F-350 Super Duty"" ""Pickup""",年份、Make、Model、版本、结构均与DIMENSION-ID语义一致,0.9000
Ford F-250/F-350 Super Duty Pickup 1999-2007 SuperCab 6.8,2002,Ford,F-250/F-350 Super Duty,Ford F-250/F-350 Super Duty,,Pickup,SuperCab,6.8,Ford,F-350,4A全覆盖-MODEL_CONTAINS,待联网审核,4A原子尚无正式映射；语义候选需验证版本、结构和年份,"2002 ""Ford F-350"" ""Ford F-250/F-350 Super Duty"" ""Pickup""",年份、Make、Model、版本、结构均与DIMENSION-ID语义一致,0.9000
Ford F-250/F-350 Super Duty Pickup 2001-2004 SuperCab 8,2002,Ford,F-250/F-350 Super Duty,Ford F-250/F-350 Super Duty,,Pickup,SuperCab,8,Ford,F-350,4A全覆盖-MODEL_CONTAINS,待联网审核,4A原子尚无正式映射；语义候选需验证版本、结构和年份,"2002 ""Ford F-350"" ""Ford F-250/F-350 Super Duty"" ""Pickup""",年份、Make、Model、版本、结构均与DIMENSION-ID语义一致,0.9000
GMC Sierra 1500 Pickup 1999-2006 Extended 6.6,2002,GMC,Sierra 1500,GMC Sierra 1500,,Pickup,Extended,6.6,GMC,Sierra 1500 HD,4A全覆盖-MODEL_CONTAINS,待联网审核,4A原子尚无正式映射；语义候选需验证版本、结构和年份,"2002 ""GMC Sierra 1500 HD"" ""GMC Sierra 1500"" ""Pickup""",年份、Make、Model、版本、结构均与DIMENSION-ID语义一致,0.9000
GMC Sierra 1500 Pickup 1999-2006 Extended 8,2002,GMC,Sierra 1500,GMC Sierra 1500,,Pickup,Extended,8,GMC,Sierra 1500 HD,4A全覆盖-MODEL_CONTAINS,待联网审核,4A原子尚无正式映射；语义候选需验证版本、结构和年份,"2002 ""GMC Sierra 1500 HD"" ""GMC Sierra 1500"" ""Pickup""",年份、Make、Model、版本、结构均与DIMENSION-ID语义一致,0.9000
GMC Sierra 1500 Pickup 1999-2006 Regular 8,2002,GMC,Sierra 1500,GMC Sierra 1500,,Pickup,Regular,8,GMC,Sierra 1500 HD,4A全覆盖-MODEL_CONTAINS,待联网审核,4A原子尚无正式映射；语义候选需验证版本、结构和年份,"2002 ""GMC Sierra 1500 HD"" ""GMC Sierra 1500"" ""Pickup""",年份、Make、Model、版本、结构均与DIMENSION-ID语义一致,0.9000
GMC Sierra 1500 Pickup 1999-2006 Extended 6.6,2002,GMC,Sierra 1500,GMC Sierra 1500,,Pickup,Extended,6.6,GMC,Sierra 2500,4A全覆盖-MODEL_SIMILAR,待联网审核,4A原子尚无正式映射；语义候选需验证版本、结构和年份,"2002 ""GMC Sierra 2500"" ""GMC Sierra 1500"" ""Pickup""",年份、Make、Model、版本、结构均与DIMENSION-ID语义一致,0.9000
GMC Sierra 1500 Pickup 1999-2006 Extended 8,2002,GMC,Sierra 1500,GMC Sierra 1500,,Pickup,Extended,8,GMC,Sierra 2500,4A全覆盖-MODEL_SIMILAR,待联网审核,4A原子尚无正式映射；语义候选需验证版本、结构和年份,"2002 ""GMC Sierra 2500"" ""GMC Sierra 1500"" ""Pickup""",年份、Make、Model、版本、结构均与DIMENSION-ID语义一致,0.9000
GMC Sierra 1500 Pickup 1999-2006 Regular 8,2002,GMC,Sierra 1500,GMC Sierra 1500,,Pickup,Regular,8,GMC,Sierra 2500,4A全覆盖-MODEL_SIMILAR,待联网审核,4A原子尚无正式映射；语义候选需验证版本、结构和年份,"2002 ""GMC Sierra 2500"" ""GMC Sierra 1500"" ""Pickup""",年份、Make、Model、版本、结构均与DIMENSION-ID语义一致,0.9000
GMC Sierra 2500HD/3500HD DRW Pickup 2001-2007 Crew 8,2002,GMC,Sierra 2500HD/3500HD,GMC Sierra 2500HD/3500HD,DRW,Pickup,Crew,8,GMC,Sierra 2500,4A全覆盖-MODEL_CONTAINS,待联网审核,4A原子尚无正式映射；语义候选需验证版本、结构和年份,"2002 ""GMC Sierra 2500"" ""GMC Sierra 2500HD/3500HD"" ""DRW"" ""Pickup""",年份、Make、Model、版本、结构均与DIMENSION-ID语义一致,0.9000
GMC Sierra 2500HD/3500HD Pickup 2001-2007 Crew 6.8,2002,GMC,Sierra 2500HD/3500HD,GMC Sierra 2500HD/3500HD,,Pickup,Crew,6.8,GMC,Sierra 2500,4A全覆盖-MODEL_CONTAINS,待联网审核,4A原子尚无正式映射；语义候选需验证版本、结构和年份,"2002 ""GMC Sierra 2500"" ""GMC Sierra 2500HD/3500HD"" ""Pickup""",年份、Make、Model、版本、结构均与DIMENSION-ID语义一致,0.9000
Mazda Protege Protege5 Hatchback 2002-2003,2002,Mazda,Protege,Mazda Protege,Protege5,Hatchback,,,Mazda,Protege5,4A全覆盖-VERSION_EXACT,待联网审核,4A原子尚无正式映射；语义候选需验证版本、结构和年份,"2002 ""Mazda Protege5"" ""Mazda Protege"" ""Protege5"" ""Hatchback""",年份、Make、Model、版本、结构均与DIMENSION-ID语义一致,0.9900
Mazda Protege Sedan 2001-2003,2002,Mazda,Protege,Mazda Protege,,Sedan,,,Mazda,Protege5,4A全覆盖-MODEL_CONTAINS,待联网审核,4A原子尚无正式映射；语义候选需验证版本、结构和年份,"2002 ""Mazda Protege5"" ""Mazda Protege"" ""Sedan""",年份、Make、Model、版本、结构均与DIMENSION-ID语义一致,0.9000
Suzuki Grand Vitara SUV 2002-2003,2002,Suzuki,Grand Vitara,Suzuki Grand Vitara,,SUV,,,Suzuki,Vitara,4A全覆盖-MODEL_CONTAINS,待联网审核,4A原子尚无正式映射；语义候选需验证版本、结构和年份,"2002 ""Suzuki Vitara"" ""Suzuki Grand Vitara"" ""SUV""",年份、Make、Model、版本、结构均与DIMENSION-ID语义一致,0.9000
Chevrolet Silverado 1500 Pickup 1999-2004 Extended 8,2003,Chevrolet,Silverado 1500,Chevrolet Silverado 1500,,Pickup,Extended,8,Chevrolet,Silverado 2500,4A全覆盖-MODEL_SIMILAR,待联网审核,4A原子尚无正式映射；语义候选需验证版本、结构和年份,"2003 ""Chevrolet Silverado 2500"" ""Chevrolet Silverado 1500"" ""Pickup""",年份、Make、Model、版本、结构均与DIMENSION-ID语义一致,0.9231
Chevrolet Silverado 1500 Pickup 1999-2006 Extended 6.5,2003,Chevrolet,Silverado 1500,Chevrolet Silverado 1500,,Pickup,Extended,6.5,Chevrolet,Silverado 2500,4A全覆盖-MODEL_SIMILAR,待联网审核,4A原子尚无正式映射；语义候选需验证版本、结构和年份,"2003 ""Chevrolet Silverado 2500"" ""Chevrolet Silverado 1500"" ""Pickup""",年份、Make、Model、版本、结构均与DIMENSION-ID语义一致,0.9231
Chevrolet Silverado 1500 Pickup 2000-2004 Regular 8,2003,Chevrolet,Silverado 1500,Chevrolet Silverado 1500,,Pickup,Regular,8,Chevrolet,Silverado 2500,4A全覆盖-MODEL_SIMILAR,待联网审核,4A原子尚无正式映射；语义候选需验证版本、结构和年份,"2003 ""Chevrolet Silverado 2500"" ""Chevrolet Silverado 1500"" ""Pickup""",年份、Make、Model、版本、结构均与DIMENSION-ID语义一致,0.9231
Chevrolet Silverado 2500HD/3500HD Pickup 2001-2006 Crew 8,2003,Chevrolet,Silverado 2500HD/3500HD,Chevrolet Silverado 2500HD/3500HD,,Pickup,Crew,8,Chevrolet,Silverado 2500,4A全覆盖-MODEL_CONTAINS,待联网审核,4A原子尚无正式映射；语义候选需验证版本、结构和年份,"2003 ""Chevrolet Silverado 2500"" ""Chevrolet Silverado 2500HD/3500HD"" ""Pickup""",年份、Make、Model、版本、结构均与DIMENSION-ID语义一致,0.9000
Chevrolet Silverado 2500HD/3500HD Pickup 2001-2006 Regular 8,2003,Chevrolet,Silverado 2500HD/3500HD,Chevrolet Silverado 2500HD/3500HD,,Pickup,Regular,8,Chevrolet,Silverado 2500,4A全覆盖-MODEL_CONTAINS,待联网审核,4A原子尚无正式映射；语义候选需验证版本、结构和年份,"2003 ""Chevrolet Silverado 2500"" ""Chevrolet Silverado 2500HD/3500HD"" ""Pickup""",年份、Make、Model、版本、结构均与DIMENSION-ID语义一致,0.9000
Chevrolet Silverado 1500 Pickup 1999-2004 Extended 8,2003,Chevrolet,Silverado 1500,Chevrolet Silverado 1500,,Pickup,Extended,8,Chevrolet,Silverado 3500,4A全覆盖-MODEL_SIMILAR,待联网审核,4A原子尚无正式映射；语义候选需验证版本、结构和年份,"2003 ""Chevrolet Silverado 3500"" ""Chevrolet Silverado 1500"" ""Pickup""",年份、Make、Model、版本、结构均与DIMENSION-ID语义一致,0.9231
Chevrolet Silverado 1500 Pickup 1999-2006 Extended 6.5,2003,Chevrolet,Silverado 1500,Chevrolet Silverado 1500,,Pickup,Extended,6.5,Chevrolet,Silverado 3500,4A全覆盖-MODEL_SIMILAR,待联网审核,4A原子尚无正式映射；语义候选需验证版本、结构和年份,"2003 ""Chevrolet Silverado 3500"" ""Chevrolet Silverado 1500"" ""Pickup""",年份、Make、Model、版本、结构均与DIMENSION-ID语义一致,0.9231
Chevrolet Silverado 1500 Pickup 2000-2004 Regular 8,2003,Chevrolet,Silverado 1500,Chevrolet Silverado 1500,,Pickup,Regular,8,Chevrolet,Silverado 3500,4A全覆盖-MODEL_SIMILAR,待联网审核,4A原子尚无正式映射；语义候选需验证版本、结构和年份,"2003 ""Chevrolet Silverado 3500"" ""Chevrolet Silverado 1500"" ""Pickup""",年份、Make、Model、版本、结构均与DIMENSION-ID语义一致,0.9231
Dodge Caravan SWB MPV 2001-2007,2003,Dodge,Caravan,Dodge Caravan,SWB,MPV,,,Dodge,Grand Caravan,4A全覆盖-MODEL_CONTAINS,待联网审核,4A原子尚无正式映射；语义候选需验证版本、结构和年份,"2003 ""Dodge Grand Caravan"" ""Dodge Caravan"" ""SWB"" ""MPV""",年份、Make、Model、版本、结构均与DIMENSION-ID语义一致,0.9000
Ford F-350 Super Duty DRW Pickup 1999-2004 Crew 8,2003,Ford,F-350 Super Duty,Ford F-350 Super Duty,DRW,Pickup,Crew,8,Ford,E-350 Super Duty,4A全覆盖-MODEL_SIMILAR,待联网审核,4A原子尚无正式映射；语义候选需验证版本、结构和年份,"2003 ""Ford E-350 Super Duty"" ""Ford F-350 Super Duty"" ""DRW"" ""Pickup""",年份、Make、Model、版本、结构均与DIMENSION-ID语义一致,0.9231
Ford F-350 Super Duty DRW Pickup 1999-2007 Regular 8,2003,Ford,F-350 Super Duty,Ford F-350 Super Duty,DRW,Pickup,Regular,8,Ford,E-350 Super Duty,4A全覆盖-MODEL_SIMILAR,待联网审核,4A原子尚无正式映射；语义候选需验证版本、结构和年份,"2003 ""Ford E-350 Super Duty"" ""Ford F-350 Super Duty"" ""DRW"" ""Pickup""",年份、Make、Model、版本、结构均与DIMENSION-ID语义一致,0.9231
Ford F-250/F-350 Super Duty Pickup 1999-2007 Crew 6.8,2003,Ford,F-250/F-350 Super Duty,Ford F-250/F-350 Super Duty,,Pickup,Crew,6.8,Ford,F-350,4A全覆盖-MODEL_CONTAINS,待联网审核,4A原子尚无正式映射；语义候选需验证版本、结构和年份,"2003 ""Ford F-350"" ""Ford F-250/F-350 Super Duty"" ""Pickup""",年份、Make、Model、版本、结构均与DIMENSION-ID语义一致,0.9000
Ford F-250/F-350 Super Duty Pickup 1999-2007 Crew 8,2003,Ford,F-250/F-350 Super Duty,Ford F-250/F-350 Super Duty,,Pickup,Crew,8,Ford,F-350,4A全覆盖-MODEL_CONTAINS,待联网审核,4A原子尚无正式映射；语义候选需验证版本、结构和年份,"2003 ""Ford F-350"" ""Ford F-250/F-350 Super Duty"" ""Pickup""",年份、Make、Model、版本、结构均与DIMENSION-ID语义一致,0.9000
Ford F-250/F-350 Super Duty Pickup 1999-2007 Regular 8,2003,Ford,F-250/F-350 Super Duty,Ford F-250/F-350 Super Duty,,Pickup,Regular,8,Ford,F-350,4A全覆盖-MODEL_CONTAINS,待联网审核,4A原子尚无正式映射；语义候选需验证版本、结构和年份,"2003 ""Ford F-350"" ""Ford F-250/F-350 Super Duty"" ""Pickup""",年份、Make、Model、版本、结构均与DIMENSION-ID语义一致,0.9000
Ford F-250/F-350 Super Duty Pickup 1999-2007 SuperCab 6.8,2003,Ford,F-250/F-350 Super Duty,Ford F-250/F-350 Super Duty,,Pickup,SuperCab,6.8,Ford,F-350,4A全覆盖-MODEL_CONTAINS,待联网审核,4A原子尚无正式映射；语义候选需验证版本、结构和年份,"2003 ""Ford F-350"" ""Ford F-250/F-350 Super Duty"" ""Pickup""",年份、Make、Model、版本、结构均与DIMENSION-ID语义一致,0.9000
Ford F-250/F-350 Super Duty Pickup 2001-2004 SuperCab 8,2003,Ford,F-250/F-350 Super Duty,Ford F-250/F-350 Super Duty,,Pickup,SuperCab,8,Ford,F-350,4A全覆盖-MODEL_CONTAINS,待联网审核,4A原子尚无正式映射；语义候选需验证版本、结构和年份,"2003 ""Ford F-350"" ""Ford F-250/F-350 Super Duty"" ""Pickup""",年份、Make、Model、版本、结构均与DIMENSION-ID语义一致,0.9000
GMC Sierra 1500 Pickup 1999-2006 Extended 6.6,2003,GMC,Sierra 1500,GMC Sierra 1500,,Pickup,Extended,6.6,GMC,Sierra 1500 HD,4A全覆盖-MODEL_CONTAINS,待联网审核,4A原子尚无正式映射；语义候选需验证版本、结构和年份,"2003 ""GMC Sierra 1500 HD"" ""GMC Sierra 1500"" ""Pickup""",年份、Make、Model、版本、结构均与DIMENSION-ID语义一致,0.9000
GMC Sierra 1500 Pickup 1999-2006 Extended 8,2003,GMC,Sierra 1500,GMC Sierra 1500,,Pickup,Extended,8,GMC,Sierra 1500 HD,4A全覆盖-MODEL_CONTAINS,待联网审核,4A原子尚无正式映射；语义候选需验证版本、结构和年份,"2003 ""GMC Sierra 1500 HD"" ""GMC Sierra 1500"" ""Pickup""",年份、Make、Model、版本、结构均与DIMENSION-ID语义一致,0.9000
GMC Sierra 1500 Pickup 1999-2006 Regular 8,2003,GMC,Sierra 1500,GMC Sierra 1500,,Pickup,Regular,8,GMC,Sierra 1500 HD,4A全覆盖-MODEL_CONTAINS,待联网审核,4A原子尚无正式映射；语义候选需验证版本、结构和年份,"2003 ""GMC Sierra 1500 HD"" ""GMC Sierra 1500"" ""Pickup""",年份、Make、Model、版本、结构均与DIMENSION-ID语义一致,0.9000
GMC Sierra 1500 Pickup 1999-2006 Extended 6.6,2003,GMC,Sierra 1500,GMC Sierra 1500,,Pickup,Extended,6.6,GMC,Sierra 2500,4A全覆盖-MODEL_SIMILAR,待联网审核,4A原子尚无正式映射；语义候选需验证版本、结构和年份,"2003 ""GMC Sierra 2500"" ""GMC Sierra 1500"" ""Pickup""",年份、Make、Model、版本、结构均与DIMENSION-ID语义一致,0.9000
GMC Sierra 1500 Pickup 1999-2006 Extended 8,2003,GMC,Sierra 1500,GMC Sierra 1500,,Pickup,Extended,8,GMC,Sierra 2500,4A全覆盖-MODEL_SIMILAR,待联网审核,4A原子尚无正式映射；语义候选需验证版本、结构和年份,"2003 ""GMC Sierra 2500"" ""GMC Sierra 1500"" ""Pickup""",年份、Make、Model、版本、结构均与DIMENSION-ID语义一致,0.9000
GMC Sierra 1500 Pickup 1999-2006 Regular 8,2003,GMC,Sierra 1500,GMC Sierra 1500,,Pickup,Regular,8,GMC,Sierra 2500,4A全覆盖-MODEL_SIMILAR,待联网审核,4A原子尚无正式映射；语义候选需验证版本、结构和年份,"2003 ""GMC Sierra 2500"" ""GMC Sierra 1500"" ""Pickup""",年份、Make、Model、版本、结构均与DIMENSION-ID语义一致,0.9000
GMC Sierra 2500HD/3500HD DRW Pickup 2001-2007 Crew 8,2003,GMC,Sierra 2500HD/3500HD,GMC Sierra 2500HD/3500HD,DRW,Pickup,Crew,8,GMC,Sierra 2500,4A全覆盖-MODEL_CONTAINS,待联网审核,4A原子尚无正式映射；语义候选需验证版本、结构和年份,"2003 ""GMC Sierra 2500"" ""GMC Sierra 2500HD/3500HD"" ""DRW"" ""Pickup""",年份、Make、Model、版本、结构均与DIMENSION-ID语义一致,0.9000
GMC Sierra 2500HD/3500HD Pickup 2001-2007 Crew 6.8,2003,GMC,Sierra 2500HD/3500HD,GMC Sierra 2500HD/3500HD,,Pickup,Crew,6.8,GMC,Sierra 2500,4A全覆盖-MODEL_CONTAINS,待联网审核,4A原子尚无正式映射；语义候选需验证版本、结构和年份,"2003 ""GMC Sierra 2500"" ""GMC Sierra 2500HD/3500HD"" ""Pickup""",年份、Make、Model、版本、结构均与DIMENSION-ID语义一致,0.9000
Mazda Protege Protege5 Hatchback 2002-2003,2003,Mazda,Protege,Mazda Protege,Protege5,Hatchback,,,Mazda,Protege5,4A全覆盖-VERSION_EXACT,待联网审核,4A原子尚无正式映射；语义候选需验证版本、结构和年份,"2003 ""Mazda Protege5"" ""Mazda Protege"" ""Protege5"" ""Hatchback""",年份、Make、Model、版本、结构均与DIMENSION-ID语义一致,0.9900
Mazda Protege Sedan 2001-2003,2003,Mazda,Protege,Mazda Protege,,Sedan,,,Mazda,Protege5,4A全覆盖-MODEL_CONTAINS,待联网审核,4A原子尚无正式映射；语义候选需验证版本、结构和年份,"2003 ""Mazda Protege5"" ""Mazda Protege"" ""Sedan""",年份、Make、Model、版本、结构均与DIMENSION-ID语义一致,0.9000
Suzuki Grand Vitara SUV 2002-2003,2003,Suzuki,Grand Vitara,Suzuki Grand Vitara,,SUV,,,Suzuki,Vitara,4A全覆盖-MODEL_CONTAINS,待联网审核,4A原子尚无正式映射；语义候选需验证版本、结构和年份,"2003 ""Suzuki Vitara"" ""Suzuki Grand Vitara"" ""SUV""",年份、Make、Model、版本、结构均与DIMENSION-ID语义一致,0.9000
Chevrolet Silverado 1500 Pickup 1999-2004 Extended 8,2004,Chevrolet,Silverado 1500,Chevrolet Silverado 1500,,Pickup,Extended,8,Chevrolet,Silverado 2500,4A全覆盖-MODEL_SIMILAR,待联网审核,4A原子尚无正式映射；语义候选需验证版本、结构和年份,"2004 ""Chevrolet Silverado 2500"" ""Chevrolet Silverado 1500"" ""Pickup""",年份、Make、Model、版本、结构均与DIMENSION-ID语义一致,0.9231
Chevrolet Silverado 1500 Pickup 1999-2006 Extended 6.5,2004,Chevrolet,Silverado 1500,Chevrolet Silverado 1500,,Pickup,Extended,6.5,Chevrolet,Silverado 2500,4A全覆盖-MODEL_SIMILAR,待联网审核,4A原子尚无正式映射；语义候选需验证版本、结构和年份,"2004 ""Chevrolet Silverado 2500"" ""Chevrolet Silverado 1500"" ""Pickup""",年份、Make、Model、版本、结构均与DIMENSION-ID语义一致,0.9231
Chevrolet Silverado 1500 Pickup 2000-2004 Regular 8,2004,Chevrolet,Silverado 1500,Chevrolet Silverado 1500,,Pickup,Regular,8,Chevrolet,Silverado 2500,4A全覆盖-MODEL_SIMILAR,待联网审核,4A原子尚无正式映射；语义候选需验证版本、结构和年份,"2004 ""Chevrolet Silverado 2500"" ""Chevrolet Silverado 1500"" ""Pickup""",年份、Make、Model、版本、结构均与DIMENSION-ID语义一致,0.9231
Chevrolet Silverado 1500 Pickup 2004 Crew 5.8,2004,Chevrolet,Silverado 1500,Chevrolet Silverado 1500,,Pickup,Crew,5.8,Chevrolet,Silverado 2500,4A全覆盖-MODEL_SIMILAR,待联网审核,4A原子尚无正式映射；语义候选需验证版本、结构和年份,"2004 ""Chevrolet Silverado 2500"" ""Chevrolet Silverado 1500"" ""Pickup""",年份、Make、Model、版本、结构均与DIMENSION-ID语义一致,0.9231
Chevrolet Silverado 2500HD/3500HD Pickup 2001-2006 Crew 8,2004,Chevrolet,Silverado 2500HD/3500HD,Chevrolet Silverado 2500HD/3500HD,,Pickup,Crew,8,Chevrolet,Silverado 2500,4A全覆盖-MODEL_CONTAINS,待联网审核,4A原子尚无正式映射；语义候选需验证版本、结构和年份,"2004 ""Chevrolet Silverado 2500"" ""Chevrolet Silverado 2500HD/3500HD"" ""Pickup""",年份、Make、Model、版本、结构均与DIMENSION-ID语义一致,0.9000
Chevrolet Silverado 1500 Pickup 1999-2004 Extended 8,2004,Chevrolet,Silverado 1500,Chevrolet Silverado 1500,,Pickup,Extended,8,Chevrolet,Silverado 3500,4A全覆盖-MODEL_SIMILAR,待联网审核,4A原子尚无正式映射；语义候选需验证版本、结构和年份,"2004 ""Chevrolet Silverado 3500"" ""Chevrolet Silverado 1500"" ""Pickup""",年份、Make、Model、版本、结构均与DIMENSION-ID语义一致,0.9231
Chevrolet Silverado 1500 Pickup 1999-2006 Extended 6.5,2004,Chevrolet,Silverado 1500,Chevrolet Silverado 1500,,Pickup,Extended,6.5,Chevrolet,Silverado 3500,4A全覆盖-MODEL_SIMILAR,待联网审核,4A原子尚无正式映射；语义候选需验证版本、结构和年份,"2004 ""Chevrolet Silverado 3500"" ""Chevrolet Silverado 1500"" ""Pickup""",年份、Make、Model、版本、结构均与DIMENSION-ID语义一致,0.9231
Chevrolet Silverado 1500 Pickup 2000-2004 Regular 8,2004,Chevrolet,Silverado 1500,Chevrolet Silverado 1500,,Pickup,Regular,8,Chevrolet,Silverado 3500,4A全覆盖-MODEL_SIMILAR,待联网审核,4A原子尚无正式映射；语义候选需验证版本、结构和年份,"2004 ""Chevrolet Silverado 3500"" ""Chevrolet Silverado 1500"" ""Pickup""",年份、Make、Model、版本、结构均与DIMENSION-ID语义一致,0.9231
Chevrolet Silverado 1500 Pickup 2004 Crew 5.8,2004,Chevrolet,Silverado 1500,Chevrolet Silverado 1500,,Pickup,Crew,5.8,Chevrolet,Silverado 3500,4A全覆盖-MODEL_SIMILAR,待联网审核,4A原子尚无正式映射；语义候选需验证版本、结构和年份,"2004 ""Chevrolet Silverado 3500"" ""Chevrolet Silverado 1500"" ""Pickup""",年份、Make、Model、版本、结构均与DIMENSION-ID语义一致,0.9231
Dodge Caravan SWB MPV 2001-2007,2004,Dodge,Caravan,Dodge Caravan,SWB,MPV,,,Dodge,Grand Caravan,4A全覆盖-MODEL_CONTAINS,待联网审核,4A原子尚无正式映射；语义候选需验证版本、结构和年份,"2004 ""Dodge Grand Caravan"" ""Dodge Caravan"" ""SWB"" ""MPV""",年份、Make、Model、版本、结构均与DIMENSION-ID语义一致,0.9000
Ford F-350 Super Duty DRW Pickup 1999-2004 Crew 8,2004,Ford,F-350 Super Duty,Ford F-350 Super Duty,DRW,Pickup,Crew,8,Ford,E-350 Super Duty,4A全覆盖-MODEL_SIMILAR,待联网审核,4A原子尚无正式映射；语义候选需验证版本、结构和年份,"2004 ""Ford E-350 Super Duty"" ""Ford F-350 Super Duty"" ""DRW"" ""Pickup""",年份、Make、Model、版本、结构均与DIMENSION-ID语义一致,0.9231
Ford F-350 Super Duty DRW Pickup 1999-2007 Regular 8,2004,Ford,F-350 Super Duty,Ford F-350 Super Duty,DRW,Pickup,Regular,8,Ford,E-350 Super Duty,4A全覆盖-MODEL_SIMILAR,待联网审核,4A原子尚无正式映射；语义候选需验证版本、结构和年份,"2004 ""Ford E-350 Super Duty"" ""Ford F-350 Super Duty"" ""DRW"" ""Pickup""",年份、Make、Model、版本、结构均与DIMENSION-ID语义一致,0.9231
Ford F-250/F-350 Super Duty Pickup 1999-2007 Crew 6.8,2004,Ford,F-250/F-350 Super Duty,Ford F-250/F-350 Super Duty,,Pickup,Crew,6.8,Ford,F-350,4A全覆盖-MODEL_CONTAINS,待联网审核,4A原子尚无正式映射；语义候选需验证版本、结构和年份,"2004 ""Ford F-350"" ""Ford F-250/F-350 Super Duty"" ""Pickup""",年份、Make、Model、版本、结构均与DIMENSION-ID语义一致,0.9000
Ford F-250/F-350 Super Duty Pickup 1999-2007 Crew 8,2004,Ford,F-250/F-350 Super Duty,Ford F-250/F-350 Super Duty,,Pickup,Crew,8,Ford,F-350,4A全覆盖-MODEL_CONTAINS,待联网审核,4A原子尚无正式映射；语义候选需验证版本、结构和年份,"2004 ""Ford F-350"" ""Ford F-250/F-350 Super Duty"" ""Pickup""",年份、Make、Model、版本、结构均与DIMENSION-ID语义一致,0.9000
Ford F-250/F-350 Super Duty Pickup 1999-2007 Regular 8,2004,Ford,F-250/F-350 Super Duty,Ford F-250/F-350 Super Duty,,Pickup,Regular,8,Ford,F-350,4A全覆盖-MODEL_CONTAINS,待联网审核,4A原子尚无正式映射；语义候选需验证版本、结构和年份,"2004 ""Ford F-350"" ""Ford F-250/F-350 Super Duty"" ""Pickup""",年份、Make、Model、版本、结构均与DIMENSION-ID语义一致,0.9000
Ford F-250/F-350 Super Duty Pickup 1999-2007 SuperCab 6.8,2004,Ford,F-250/F-350 Super Duty,Ford F-250/F-350 Super Duty,,Pickup,SuperCab,6.8,Ford,F-350,4A全覆盖-MODEL_CONTAINS,待联网审核,4A原子尚无正式映射；语义候选需验证版本、结构和年份,"2004 ""Ford F-350"" ""Ford F-250/F-350 Super Duty"" ""Pickup""",年份、Make、Model、版本、结构均与DIMENSION-ID语义一致,0.9000
Ford F-250/F-350 Super Duty Pickup 2001-2004 SuperCab 8,2004,Ford,F-250/F-350 Super Duty,Ford F-250/F-350 Super Duty,,Pickup,SuperCab,8,Ford,F-350,4A全覆盖-MODEL_CONTAINS,待联网审核,4A原子尚无正式映射；语义候选需验证版本、结构和年份,"2004 ""Ford F-350"" ""Ford F-250/F-350 Super Duty"" ""Pickup""",年份、Make、Model、版本、结构均与DIMENSION-ID语义一致,0.9000
GMC Sierra 1500 Pickup 1999-2006 Extended 6.6,2004,GMC,Sierra 1500,GMC Sierra 1500,,Pickup,Extended,6.6,GMC,Sierra 2500,4A全覆盖-MODEL_SIMILAR,待联网审核,4A原子尚无正式映射；语义候选需验证版本、结构和年份,"2004 ""GMC Sierra 2500"" ""GMC Sierra 1500"" ""Pickup""",年份、Make、Model、版本、结构均与DIMENSION-ID语义一致,0.9000
GMC Sierra 1500 Pickup 1999-2006 Extended 8,2004,GMC,Sierra 1500,GMC Sierra 1500,,Pickup,Extended,8,GMC,Sierra 2500,4A全覆盖-MODEL_SIMILAR,待联网审核,4A原子尚无正式映射；语义候选需验证版本、结构和年份,"2004 ""GMC Sierra 2500"" ""GMC Sierra 1500"" ""Pickup""",年份、Make、Model、版本、结构均与DIMENSION-ID语义一致,0.9000
GMC Sierra 1500 Pickup 1999-2006 Regular 8,2004,GMC,Sierra 1500,GMC Sierra 1500,,Pickup,Regular,8,GMC,Sierra 2500,4A全覆盖-MODEL_SIMILAR,待联网审核,4A原子尚无正式映射；语义候选需验证版本、结构和年份,"2004 ""GMC Sierra 2500"" ""GMC Sierra 1500"" ""Pickup""",年份、Make、Model、版本、结构均与DIMENSION-ID语义一致,0.9000
GMC Sierra 1500 Pickup 2004-2006 Crew 5.8,2004,GMC,Sierra 1500,GMC Sierra 1500,,Pickup,Crew,5.8,GMC,Sierra 2500,4A全覆盖-MODEL_SIMILAR,待联网审核,4A原子尚无正式映射；语义候选需验证版本、结构和年份,"2004 ""GMC Sierra 2500"" ""GMC Sierra 1500"" ""Pickup""",年份、Make、Model、版本、结构均与DIMENSION-ID语义一致,0.9000
GMC Sierra 2500HD/3500HD DRW Pickup 2001-2007 Crew 8,2004,GMC,Sierra 2500HD/3500HD,GMC Sierra 2500HD/3500HD,DRW,Pickup,Crew,8,GMC,Sierra 2500,4A全覆盖-MODEL_CONTAINS,待联网审核,4A原子尚无正式映射；语义候选需验证版本、结构和年份,"2004 ""GMC Sierra 2500"" ""GMC Sierra 2500HD/3500HD"" ""DRW"" ""Pickup""",年份、Make、Model、版本、结构均与DIMENSION-ID语义一致,0.9000
Suzuki Grand Vitara SUV 2004,2004,Suzuki,Grand Vitara,Suzuki Grand Vitara,,SUV,,,Suzuki,Vitara,4A全覆盖-MODEL_CONTAINS,待联网审核,4A原子尚无正式映射；语义候选需验证版本、结构和年份,"2004 ""Suzuki Vitara"" ""Suzuki Grand Vitara"" ""SUV""",年份、Make、Model、版本、结构均与DIMENSION-ID语义一致,0.9000
Chevrolet Silverado 1500 Pickup 1999-2006 Extended 6.5,2005,Chevrolet,Silverado 1500,Chevrolet Silverado 1500,,Pickup,Extended,6.5,Chevrolet,Silverado 2500,4A全覆盖-MODEL_SIMILAR,待联网审核,4A原子尚无正式映射；语义候选需验证版本、结构和年份,"2005 ""Chevrolet Silverado 2500"" ""Chevrolet Silverado 1500"" ""Pickup""",年份、Make、Model、版本、结构均与DIMENSION-ID语义一致,0.9231
Chevrolet Silverado 1500 Pickup 2005 Crew 5.8,2005,Chevrolet,Silverado 1500,Chevrolet Silverado 1500,,Pickup,Crew,5.8,Chevrolet,Silverado 2500,4A全覆盖-MODEL_SIMILAR,待联网审核,4A原子尚无正式映射；语义候选需验证版本、结构和年份,"2005 ""Chevrolet Silverado 2500"" ""Chevrolet Silverado 1500"" ""Pickup""",年份、Make、Model、版本、结构均与DIMENSION-ID语义一致,0.9231
Chevrolet Silverado 1500 Pickup 2005-2006 Extended 8,2005,Chevrolet,Silverado 1500,Chevrolet Silverado 1500,,Pickup,Extended,8,Chevrolet,Silverado 2500,4A全覆盖-MODEL_SIMILAR,待联网审核,4A原子尚无正式映射；语义候选需验证版本、结构和年份,"2005 ""Chevrolet Silverado 2500"" ""Chevrolet Silverado 1500"" ""Pickup""",年份、Make、Model、版本、结构均与DIMENSION-ID语义一致,0.9231
Chevrolet Silverado 1500 Pickup 2005-2006 Regular 8,2005,Chevrolet,Silverado 1500,Chevrolet Silverado 1500,,Pickup,Regular,8,Chevrolet,Silverado 2500,4A全覆盖-MODEL_SIMILAR,待联网审核,4A原子尚无正式映射；语义候选需验证版本、结构和年份,"2005 ""Chevrolet Silverado 2500"" ""Chevrolet Silverado 1500"" ""Pickup""",年份、Make、Model、版本、结构均与DIMENSION-ID语义一致,0.9231
Chevrolet Silverado 2500HD/3500HD Pickup 2001-2006 Crew 8,2005,Chevrolet,Silverado 2500HD/3500HD,Chevrolet Silverado 2500HD/3500HD,,Pickup,Crew,8,Chevrolet,Silverado 2500,4A全覆盖-MODEL_CONTAINS,待联网审核,4A原子尚无正式映射；语义候选需验证版本、结构和年份,"2005 ""Chevrolet Silverado 2500"" ""Chevrolet Silverado 2500HD/3500HD"" ""Pickup""",年份、Make、Model、版本、结构均与DIMENSION-ID语义一致,0.9000
Chevrolet Silverado 1500 Pickup 1999-2006 Extended 6.5,2005,Chevrolet,Silverado 1500,Chevrolet Silverado 1500,,Pickup,Extended,6.5,Chevrolet,Silverado 3500,4A全覆盖-MODEL_SIMILAR,待联网审核,4A原子尚无正式映射；语义候选需验证版本、结构和年份,"2005 ""Chevrolet Silverado 3500"" ""Chevrolet Silverado 1500"" ""Pickup""",年份、Make、Model、版本、结构均与DIMENSION-ID语义一致,0.9231
Chevrolet Silverado 1500 Pickup 2005 Crew 5.8,2005,Chevrolet,Silverado 1500,Chevrolet Silverado 1500,,Pickup,Crew,5.8,Chevrolet,Silverado 3500,4A全覆盖-MODEL_SIMILAR,待联网审核,4A原子尚无正式映射；语义候选需验证版本、结构和年份,"2005 ""Chevrolet Silverado 3500"" ""Chevrolet Silverado 1500"" ""Pickup""",年份、Make、Model、版本、结构均与DIMENSION-ID语义一致,0.9231
Chevrolet Silverado 1500 Pickup 2005-2006 Extended 8,2005,Chevrolet,Silverado 1500,Chevrolet Silverado 1500,,Pickup,Extended,8,Chevrolet,Silverado 3500,4A全覆盖-MODEL_SIMILAR,待联网审核,4A原子尚无正式映射；语义候选需验证版本、结构和年份,"2005 ""Chevrolet Silverado 3500"" ""Chevrolet Silverado 1500"" ""Pickup""",年份、Make、Model、版本、结构均与DIMENSION-ID语义一致,0.9231
Chevrolet Silverado 1500 Pickup 2005-2006 Regular 8,2005,Chevrolet,Silverado 1500,Chevrolet Silverado 1500,,Pickup,Regular,8,Chevrolet,Silverado 3500,4A全覆盖-MODEL_SIMILAR,待联网审核,4A原子尚无正式映射；语义候选需验证版本、结构和年份,"2005 ""Chevrolet Silverado 3500"" ""Chevrolet Silverado 1500"" ""Pickup""",年份、Make、Model、版本、结构均与DIMENSION-ID语义一致,0.9231
Dodge Caravan SWB MPV 2001-2007,2005,Dodge,Caravan,Dodge Caravan,SWB,MPV,,,Dodge,Grand Caravan,4A全覆盖-MODEL_CONTAINS,待联网审核,4A原子尚无正式映射；语义候选需验证版本、结构和年份,"2005 ""Dodge Grand Caravan"" ""Dodge Caravan"" ""SWB"" ""MPV""",年份、Make、Model、版本、结构均与DIMENSION-ID语义一致,0.9000
Ford F-350 Super Duty DRW Pickup 1999-2007 Regular 8,2005,Ford,F-350 Super Duty,Ford F-350 Super Duty,DRW,Pickup,Regular,8,Ford,E-350 Super Duty,4A全覆盖-MODEL_SIMILAR,待联网审核,4A原子尚无正式映射；语义候选需验证版本、结构和年份,"2005 ""Ford E-350 Super Duty"" ""Ford F-350 Super Duty"" ""DRW"" ""Pickup""",年份、Make、Model、版本、结构均与DIMENSION-ID语义一致,0.9231
Ford F-350 Super Duty DRW Pickup 2005 Crew 8,2005,Ford,F-350 Super Duty,Ford F-350 Super Duty,DRW,Pickup,Crew,8,Ford,E-350 Super Duty,4A全覆盖-MODEL_SIMILAR,待联网审核,4A原子尚无正式映射；语义候选需验证版本、结构和年份,"2005 ""Ford E-350 Super Duty"" ""Ford F-350 Super Duty"" ""DRW"" ""Pickup""",年份、Make、Model、版本、结构均与DIMENSION-ID语义一致,0.9231
Ford F-250/F-350 Super Duty Pickup 1999-2007 Crew 6.8,2005,Ford,F-250/F-350 Super Duty,Ford F-250/F-350 Super Duty,,Pickup,Crew,6.8,Ford,F-350,4A全覆盖-MODEL_CONTAINS,待联网审核,4A原子尚无正式映射；语义候选需验证版本、结构和年份,"2005 ""Ford F-350"" ""Ford F-250/F-350 Super Duty"" ""Pickup""",年份、Make、Model、版本、结构均与DIMENSION-ID语义一致,0.9000
Ford F-250/F-350 Super Duty Pickup 1999-2007 Crew 8,2005,Ford,F-250/F-350 Super Duty,Ford F-250/F-350 Super Duty,,Pickup,Crew,8,Ford,F-350,4A全覆盖-MODEL_CONTAINS,待联网审核,4A原子尚无正式映射；语义候选需验证版本、结构和年份,"2005 ""Ford F-350"" ""Ford F-250/F-350 Super Duty"" ""Pickup""",年份、Make、Model、版本、结构均与DIMENSION-ID语义一致,0.9000
Ford F-250/F-350 Super Duty Pickup 1999-2007 Regular 8,2005,Ford,F-250/F-350 Super Duty,Ford F-250/F-350 Super Duty,,Pickup,Regular,8,Ford,F-350,4A全覆盖-MODEL_CONTAINS,待联网审核,4A原子尚无正式映射；语义候选需验证版本、结构和年份,"2005 ""Ford F-350"" ""Ford F-250/F-350 Super Duty"" ""Pickup""",年份、Make、Model、版本、结构均与DIMENSION-ID语义一致,0.9000
Ford F-250/F-350 Super Duty Pickup 1999-2007 SuperCab 6.8,2005,Ford,F-250/F-350 Super Duty,Ford F-250/F-350 Super Duty,,Pickup,SuperCab,6.8,Ford,F-350,4A全覆盖-MODEL_CONTAINS,待联网审核,4A原子尚无正式映射；语义候选需验证版本、结构和年份,"2005 ""Ford F-350"" ""Ford F-250/F-350 Super Duty"" ""Pickup""",年份、Make、Model、版本、结构均与DIMENSION-ID语义一致,0.9000
Ford F-250/F-350 Super Duty Pickup 2005-2007 SuperCab 8,2005,Ford,F-250/F-350 Super Duty,Ford F-250/F-350 Super Duty,,Pickup,SuperCab,8,Ford,F-350,4A全覆盖-MODEL_CONTAINS,待联网审核,4A原子尚无正式映射；语义候选需验证版本、结构和年份,"2005 ""Ford F-350"" ""Ford F-250/F-350 Super Duty"" ""Pickup""",年份、Make、Model、版本、结构均与DIMENSION-ID语义一致,0.9000
GMC Sierra 1500 Pickup 1999-2006 Extended 6.6,2005,GMC,Sierra 1500,GMC Sierra 1500,,Pickup,Extended,6.6,GMC,Sierra 1500 HD,4A全覆盖-MODEL_CONTAINS,待联网审核,4A原子尚无正式映射；语义候选需验证版本、结构和年份,"2005 ""GMC Sierra 1500 HD"" ""GMC Sierra 1500"" ""Pickup""",年份、Make、Model、版本、结构均与DIMENSION-ID语义一致,0.9000
GMC Sierra 1500 Pickup 1999-2006 Extended 8,2005,GMC,Sierra 1500,GMC Sierra 1500,,Pickup,Extended,8,GMC,Sierra 1500 HD,4A全覆盖-MODEL_CONTAINS,待联网审核,4A原子尚无正式映射；语义候选需验证版本、结构和年份,"2005 ""GMC Sierra 1500 HD"" ""GMC Sierra 1500"" ""Pickup""",年份、Make、Model、版本、结构均与DIMENSION-ID语义一致,0.9000
GMC Sierra 1500 Pickup 1999-2006 Regular 8,2005,GMC,Sierra 1500,GMC Sierra 1500,,Pickup,Regular,8,GMC,Sierra 1500 HD,4A全覆盖-MODEL_CONTAINS,待联网审核,4A原子尚无正式映射；语义候选需验证版本、结构和年份,"2005 ""GMC Sierra 1500 HD"" ""GMC Sierra 1500"" ""Pickup""",年份、Make、Model、版本、结构均与DIMENSION-ID语义一致,0.9000
GMC Sierra 1500 Pickup 2004-2006 Crew 5.8,2005,GMC,Sierra 1500,GMC Sierra 1500,,Pickup,Crew,5.8,GMC,Sierra 1500 HD,4A全覆盖-MODEL_CONTAINS,待联网审核,4A原子尚无正式映射；语义候选需验证版本、结构和年份,"2005 ""GMC Sierra 1500 HD"" ""GMC Sierra 1500"" ""Pickup""",年份、Make、Model、版本、结构均与DIMENSION-ID语义一致,0.9000
Kia Spectra Sedan 2005-2006,2005,Kia,Spectra,Kia Spectra,,Sedan,,,Kia,Spectra5,4A全覆盖-MODEL_CONTAINS,待联网审核,4A原子尚无正式映射；语义候选需验证版本、结构和年份,"2005 ""Kia Spectra5"" ""Kia Spectra"" ""Sedan""",年份、Make、Model、版本、结构均与DIMENSION-ID语义一致,0.9000
Chevrolet Aveo Hatchback 2006,2006,Chevrolet,Aveo,Chevrolet Aveo,,Hatchback,,,Chevrolet,Aveo5,4A全覆盖-MODEL_CONTAINS,待联网审核,4A原子尚无正式映射；语义候选需验证版本、结构和年份,"2006 ""Chevrolet Aveo5"" ""Chevrolet Aveo"" ""Hatchback""",年份、Make、Model、版本、结构均与DIMENSION-ID语义一致,0.9000
Chevrolet Aveo Sedan 2004-2006,2006,Chevrolet,Aveo,Chevrolet Aveo,,Sedan,,,Chevrolet,Aveo5,4A全覆盖-MODEL_CONTAINS,待联网审核,4A原子尚无正式映射；语义候选需验证版本、结构和年份,"2006 ""Chevrolet Aveo5"" ""Chevrolet Aveo"" ""Sedan""",年份、Make、Model、版本、结构均与DIMENSION-ID语义一致,0.9000
Chevrolet Silverado 1500 Pickup 1999-2006 Extended 6.5,2006,Chevrolet,Silverado 1500,Chevrolet Silverado 1500,,Pickup,Extended,6.5,Chevrolet,Silverado 2500,4A全覆盖-MODEL_SIMILAR,待联网审核,4A原子尚无正式映射；语义候选需验证版本、结构和年份,"2006 ""Chevrolet Silverado 2500"" ""Chevrolet Silverado 1500"" ""Pickup""",年份、Make、Model、版本、结构均与DIMENSION-ID语义一致,0.9231
Chevrolet Silverado 1500 Pickup 2005-2006 Extended 8,2006,Chevrolet,Silverado 1500,Chevrolet Silverado 1500,,Pickup,Extended,8,Chevrolet,Silverado 2500,4A全覆盖-MODEL_SIMILAR,待联网审核,4A原子尚无正式映射；语义候选需验证版本、结构和年份,"2006 ""Chevrolet Silverado 2500"" ""Chevrolet Silverado 1500"" ""Pickup""",年份、Make、Model、版本、结构均与DIMENSION-ID语义一致,0.9231
Chevrolet Silverado 1500 Pickup 2005-2006 Regular 8,2006,Chevrolet,Silverado 1500,Chevrolet Silverado 1500,,Pickup,Regular,8,Chevrolet,Silverado 2500,4A全覆盖-MODEL_SIMILAR,待联网审核,4A原子尚无正式映射；语义候选需验证版本、结构和年份,"2006 ""Chevrolet Silverado 2500"" ""Chevrolet Silverado 1500"" ""Pickup""",年份、Make、Model、版本、结构均与DIMENSION-ID语义一致,0.9231
Chevrolet Silverado 1500 Pickup 2006 Crew 5.8,2006,Chevrolet,Silverado 1500,Chevrolet Silverado 1500,,Pickup,Crew,5.8,Chevrolet,Silverado 2500,4A全覆盖-MODEL_SIMILAR,待联网审核,4A原子尚无正式映射；语义候选需验证版本、结构和年份,"2006 ""Chevrolet Silverado 2500"" ""Chevrolet Silverado 1500"" ""Pickup""",年份、Make、Model、版本、结构均与DIMENSION-ID语义一致,0.9231
Chevrolet Silverado 2500HD/3500HD Pickup 2001-2006 Crew 8,2006,Chevrolet,Silverado 2500HD/3500HD,Chevrolet Silverado 2500HD/3500HD,,Pickup,Crew,8,Chevrolet,Silverado 2500,4A全覆盖-MODEL_CONTAINS,待联网审核,4A原子尚无正式映射；语义候选需验证版本、结构和年份,"2006 ""Chevrolet Silverado 2500"" ""Chevrolet Silverado 2500HD/3500HD"" ""Pickup""",年份、Make、Model、版本、结构均与DIMENSION-ID语义一致,0.9000
Chevrolet Silverado 1500 Pickup 1999-2006 Extended 6.5,2006,Chevrolet,Silverado 1500,Chevrolet Silverado 1500,,Pickup,Extended,6.5,Chevrolet,Silverado 3500,4A全覆盖-MODEL_SIMILAR,待联网审核,4A原子尚无正式映射；语义候选需验证版本、结构和年份,"2006 ""Chevrolet Silverado 3500"" ""Chevrolet Silverado 1500"" ""Pickup""",年份、Make、Model、版本、结构均与DIMENSION-ID语义一致,0.9231
Chevrolet Silverado 1500 Pickup 2005-2006 Extended 8,2006,Chevrolet,Silverado 1500,Chevrolet Silverado 1500,,Pickup,Extended,8,Chevrolet,Silverado 3500,4A全覆盖-MODEL_SIMILAR,待联网审核,4A原子尚无正式映射；语义候选需验证版本、结构和年份,"2006 ""Chevrolet Silverado 3500"" ""Chevrolet Silverado 1500"" ""Pickup""",年份、Make、Model、版本、结构均与DIMENSION-ID语义一致,0.9231
Chevrolet Silverado 1500 Pickup 2005-2006 Regular 8,2006,Chevrolet,Silverado 1500,Chevrolet Silverado 1500,,Pickup,Regular,8,Chevrolet,Silverado 3500,4A全覆盖-MODEL_SIMILAR,待联网审核,4A原子尚无正式映射；语义候选需验证版本、结构和年份,"2006 ""Chevrolet Silverado 3500"" ""Chevrolet Silverado 1500"" ""Pickup""",年份、Make、Model、版本、结构均与DIMENSION-ID语义一致,0.9231
Chevrolet Silverado 1500 Pickup 2006 Crew 5.8,2006,Chevrolet,Silverado 1500,Chevrolet Silverado 1500,,Pickup,Crew,5.8,Chevrolet,Silverado 3500,4A全覆盖-MODEL_SIMILAR,待联网审核,4A原子尚无正式映射；语义候选需验证版本、结构和年份,"2006 ""Chevrolet Silverado 3500"" ""Chevrolet Silverado 1500"" ""Pickup""",年份、Make、Model、版本、结构均与DIMENSION-ID语义一致,0.9231
Dodge Caravan SWB MPV 2001-2007,2006,Dodge,Caravan,Dodge Caravan,SWB,MPV,,,Dodge,Grand Caravan,4A全覆盖-MODEL_CONTAINS,待联网审核,4A原子尚无正式映射；语义候选需验证版本、结构和年份,"2006 ""Dodge Grand Caravan"" ""Dodge Caravan"" ""SWB"" ""MPV""",年份、Make、Model、版本、结构均与DIMENSION-ID语义一致,0.9000
Ford F-350 Super Duty DRW Pickup 1999-2007 Regular 8,2006,Ford,F-350 Super Duty,Ford F-350 Super Duty,DRW,Pickup,Regular,8,Ford,E-350 Super Duty,4A全覆盖-MODEL_SIMILAR,待联网审核,4A原子尚无正式映射；语义候选需验证版本、结构和年份,"2006 ""Ford E-350 Super Duty"" ""Ford F-350 Super Duty"" ""DRW"" ""Pickup""",年份、Make、Model、版本、结构均与DIMENSION-ID语义一致,0.9231
Ford F-350 Super Duty DRW Pickup 2006-2007 Crew 8,2006,Ford,F-350 Super Duty,Ford F-350 Super Duty,DRW,Pickup,Crew,8,Ford,E-350 Super Duty,4A全覆盖-MODEL_SIMILAR,待联网审核,4A原子尚无正式映射；语义候选需验证版本、结构和年份,"2006 ""Ford E-350 Super Duty"" ""Ford F-350 Super Duty"" ""DRW"" ""Pickup""",年份、Make、Model、版本、结构均与DIMENSION-ID语义一致,0.9231
Ford F-250/F-350 Super Duty Pickup 1999-2007 Crew 6.8,2006,Ford,F-250/F-350 Super Duty,Ford F-250/F-350 Super Duty,,Pickup,Crew,6.8,Ford,F-350,4A全覆盖-MODEL_CONTAINS,待联网审核,4A原子尚无正式映射；语义候选需验证版本、结构和年份,"2006 ""Ford F-350"" ""Ford F-250/F-350 Super Duty"" ""Pickup""",年份、Make、Model、版本、结构均与DIMENSION-ID语义一致,0.9000
Ford F-250/F-350 Super Duty Pickup 1999-2007 Crew 8,2006,Ford,F-250/F-350 Super Duty,Ford F-250/F-350 Super Duty,,Pickup,Crew,8,Ford,F-350,4A全覆盖-MODEL_CONTAINS,待联网审核,4A原子尚无正式映射；语义候选需验证版本、结构和年份,"2006 ""Ford F-350"" ""Ford F-250/F-350 Super Duty"" ""Pickup""",年份、Make、Model、版本、结构均与DIMENSION-ID语义一致,0.9000
Ford F-250/F-350 Super Duty Pickup 1999-2007 Regular 8,2006,Ford,F-250/F-350 Super Duty,Ford F-250/F-350 Super Duty,,Pickup,Regular,8,Ford,F-350,4A全覆盖-MODEL_CONTAINS,待联网审核,4A原子尚无正式映射；语义候选需验证版本、结构和年份,"2006 ""Ford F-350"" ""Ford F-250/F-350 Super Duty"" ""Pickup""",年份、Make、Model、版本、结构均与DIMENSION-ID语义一致,0.9000
Ford F-250/F-350 Super Duty Pickup 1999-2007 SuperCab 6.8,2006,Ford,F-250/F-350 Super Duty,Ford F-250/F-350 Super Duty,,Pickup,SuperCab,6.8,Ford,F-350,4A全覆盖-MODEL_CONTAINS,待联网审核,4A原子尚无正式映射；语义候选需验证版本、结构和年份,"2006 ""Ford F-350"" ""Ford F-250/F-350 Super Duty"" ""Pickup""",年份、Make、Model、版本、结构均与DIMENSION-ID语义一致,0.9000
Ford F-250/F-350 Super Duty Pickup 2005-2007 SuperCab 8,2006,Ford,F-250/F-350 Super Duty,Ford F-250/F-350 Super Duty,,Pickup,SuperCab,8,Ford,F-350,4A全覆盖-MODEL_CONTAINS,待联网审核,4A原子尚无正式映射；语义候选需验证版本、结构和年份,"2006 ""Ford F-350"" ""Ford F-250/F-350 Super Duty"" ""Pickup""",年份、Make、Model、版本、结构均与DIMENSION-ID语义一致,0.9000
GMC Sierra 1500 Pickup 1999-2006 Extended 6.6,2006,GMC,Sierra 1500,GMC Sierra 1500,,Pickup,Extended,6.6,GMC,Sierra 1500 HD,4A全覆盖-MODEL_CONTAINS,待联网审核,4A原子尚无正式映射；语义候选需验证版本、结构和年份,"2006 ""GMC Sierra 1500 HD"" ""GMC Sierra 1500"" ""Pickup""",年份、Make、Model、版本、结构均与DIMENSION-ID语义一致,0.9000
GMC Sierra 1500 Pickup 1999-2006 Extended 8,2006,GMC,Sierra 1500,GMC Sierra 1500,,Pickup,Extended,8,GMC,Sierra 1500 HD,4A全覆盖-MODEL_CONTAINS,待联网审核,4A原子尚无正式映射；语义候选需验证版本、结构和年份,"2006 ""GMC Sierra 1500 HD"" ""GMC Sierra 1500"" ""Pickup""",年份、Make、Model、版本、结构均与DIMENSION-ID语义一致,0.9000
GMC Sierra 1500 Pickup 1999-2006 Regular 8,2006,GMC,Sierra 1500,GMC Sierra 1500,,Pickup,Regular,8,GMC,Sierra 1500 HD,4A全覆盖-MODEL_CONTAINS,待联网审核,4A原子尚无正式映射；语义候选需验证版本、结构和年份,"2006 ""GMC Sierra 1500 HD"" ""GMC Sierra 1500"" ""Pickup""",年份、Make、Model、版本、结构均与DIMENSION-ID语义一致,0.9000
GMC Sierra 1500 Pickup 2004-2006 Crew 5.8,2006,GMC,Sierra 1500,GMC Sierra 1500,,Pickup,Crew,5.8,GMC,Sierra 1500 HD,4A全覆盖-MODEL_CONTAINS,待联网审核,4A原子尚无正式映射；语义候选需验证版本、结构和年份,"2006 ""GMC Sierra 1500 HD"" ""GMC Sierra 1500"" ""Pickup""",年份、Make、Model、版本、结构均与DIMENSION-ID语义一致,0.9000
Kia Rio Rio5 Hatchback 2006-2011,2006,Kia,Rio,Kia Rio,Rio5,Hatchback,,,Kia,Rio5,4A全覆盖-VERSION_EXACT,待联网审核,4A原子尚无正式映射；语义候选需验证版本、结构和年份,"2006 ""Kia Rio5"" ""Kia Rio"" ""Rio5"" ""Hatchback""",年份、Make、Model、版本、结构均与DIMENSION-ID语义一致,0.9900
Kia Spectra Hatchback 2006,2006,Kia,Spectra,Kia Spectra,,Hatchback,,,Kia,Spectra5,4A全覆盖-MODEL_CONTAINS,待联网审核,4A原子尚无正式映射；语义候选需验证版本、结构和年份,"2006 ""Kia Spectra5"" ""Kia Spectra"" ""Hatchback""",年份、Make、Model、版本、结构均与DIMENSION-ID语义一致,0.9000
Kia Spectra Sedan 2005-2006,2006,Kia,Spectra,Kia Spectra,,Sedan,,,Kia,Spectra5,4A全覆盖-MODEL_CONTAINS,待联网审核,4A原子尚无正式映射；语义候选需验证版本、结构和年份,"2006 ""Kia Spectra5"" ""Kia Spectra"" ""Sedan""",年份、Make、Model、版本、结构均与DIMENSION-ID语义一致,0.9000
Chevrolet Aveo Hatchback 2007-2008,2007,Chevrolet,Aveo,Chevrolet Aveo,,Hatchback,,,Chevrolet,Aveo5,4A全覆盖-MODEL_CONTAINS,待联网审核,4A原子尚无正式映射；语义候选需验证版本、结构和年份,"2007 ""Chevrolet Aveo5"" ""Chevrolet Aveo"" ""Hatchback""",年份、Make、Model、版本、结构均与DIMENSION-ID语义一致,0.9000
Chevrolet Aveo Sedan 2007-2011,2007,Chevrolet,Aveo,Chevrolet Aveo,,Sedan,,,Chevrolet,Aveo5,4A全覆盖-MODEL_CONTAINS,待联网审核,4A原子尚无正式映射；语义候选需验证版本、结构和年份,"2007 ""Chevrolet Aveo5"" ""Chevrolet Aveo"" ""Sedan""",年份、Make、Model、版本、结构均与DIMENSION-ID语义一致,0.9000
Chevrolet Silverado 1500 Pickup 2007-2008 Crew 5.8,2007,Chevrolet,Silverado 1500,Chevrolet Silverado 1500,,Pickup,Crew,5.8,Chevrolet,Silverado 2500,4A全覆盖-MODEL_SIMILAR,待联网审核,4A原子尚无正式映射；语义候选需验证版本、结构和年份,"2007 ""Chevrolet Silverado 2500"" ""Chevrolet Silverado 1500"" ""Pickup""",年份、Make、Model、版本、结构均与DIMENSION-ID语义一致,0.9231
Chevrolet Silverado 1500 Pickup 2007-2008 Extended 6.5,2007,Chevrolet,Silverado 1500,Chevrolet Silverado 1500,,Pickup,Extended,6.5,Chevrolet,Silverado 2500,4A全覆盖-MODEL_SIMILAR,待联网审核,4A原子尚无正式映射；语义候选需验证版本、结构和年份,"2007 ""Chevrolet Silverado 2500"" ""Chevrolet Silverado 1500"" ""Pickup""",年份、Make、Model、版本、结构均与DIMENSION-ID语义一致,0.9231
Chevrolet Silverado 1500 Pickup 2007-2013 Extended 8,2007,Chevrolet,Silverado 1500,Chevrolet Silverado 1500,,Pickup,Extended,8,Chevrolet,Silverado 2500,4A全覆盖-MODEL_SIMILAR,待联网审核,4A原子尚无正式映射；语义候选需验证版本、结构和年份,"2007 ""Chevrolet Silverado 2500"" ""Chevrolet Silverado 1500"" ""Pickup""",年份、Make、Model、版本、结构均与DIMENSION-ID语义一致,0.9231
Chevrolet Silverado 1500 Pickup 2007-2013 Regular 6.6,2007,Chevrolet,Silverado 1500,Chevrolet Silverado 1500,,Pickup,Regular,6.6,Chevrolet,Silverado 2500,4A全覆盖-MODEL_SIMILAR,待联网审核,4A原子尚无正式映射；语义候选需验证版本、结构和年份,"2007 ""Chevrolet Silverado 2500"" ""Chevrolet Silverado 1500"" ""Pickup""",年份、Make、Model、版本、结构均与DIMENSION-ID语义一致,0.9231
Chevrolet Silverado 1500 Pickup 2007-2013 Regular 8,2007,Chevrolet,Silverado 1500,Chevrolet Silverado 1500,,Pickup,Regular,8,Chevrolet,Silverado 2500,4A全覆盖-MODEL_SIMILAR,待联网审核,4A原子尚无正式映射；语义候选需验证版本、结构和年份,"2007 ""Chevrolet Silverado 2500"" ""Chevrolet Silverado 1500"" ""Pickup""",年份、Make、Model、版本、结构均与DIMENSION-ID语义一致,0.9231
Chevrolet Silverado 1500 Pickup 2007-2008 Crew 5.8,2007,Chevrolet,Silverado 1500,Chevrolet Silverado 1500,,Pickup,Crew,5.8,Chevrolet,Silverado 3500,4A全覆盖-MODEL_SIMILAR,待联网审核,4A原子尚无正式映射；语义候选需验证版本、结构和年份,"2007 ""Chevrolet Silverado 3500"" ""Chevrolet Silverado 1500"" ""Pickup""",年份、Make、Model、版本、结构均与DIMENSION-ID语义一致,0.9231
Chevrolet Silverado 1500 Pickup 2007-2008 Extended 6.5,2007,Chevrolet,Silverado 1500,Chevrolet Silverado 1500,,Pickup,Extended,6.5,Chevrolet,Silverado 3500,4A全覆盖-MODEL_SIMILAR,待联网审核,4A原子尚无正式映射；语义候选需验证版本、结构和年份,"2007 ""Chevrolet Silverado 3500"" ""Chevrolet Silverado 1500"" ""Pickup""",年份、Make、Model、版本、结构均与DIMENSION-ID语义一致,0.9231
Chevrolet Silverado 1500 Pickup 2007-2013 Extended 8,2007,Chevrolet,Silverado 1500,Chevrolet Silverado 1500,,Pickup,Extended,8,Chevrolet,Silverado 3500,4A全覆盖-MODEL_SIMILAR,待联网审核,4A原子尚无正式映射；语义候选需验证版本、结构和年份,"2007 ""Chevrolet Silverado 3500"" ""Chevrolet Silverado 1500"" ""Pickup""",年份、Make、Model、版本、结构均与DIMENSION-ID语义一致,0.9231
Chevrolet Silverado 1500 Pickup 2007-2013 Regular 6.6,2007,Chevrolet,Silverado 1500,Chevrolet Silverado 1500,,Pickup,Regular,6.6,Chevrolet,Silverado 3500,4A全覆盖-MODEL_SIMILAR,待联网审核,4A原子尚无正式映射；语义候选需验证版本、结构和年份,"2007 ""Chevrolet Silverado 3500"" ""Chevrolet Silverado 1500"" ""Pickup""",年份、Make、Model、版本、结构均与DIMENSION-ID语义一致,0.9231
Chevrolet Silverado 1500 Pickup 2007-2013 Regular 8,2007,Chevrolet,Silverado 1500,Chevrolet Silverado 1500,,Pickup,Regular,8,Chevrolet,Silverado 3500,4A全覆盖-MODEL_SIMILAR,待联网审核,4A原子尚无正式映射；语义候选需验证版本、结构和年份,"2007 ""Chevrolet Silverado 3500"" ""Chevrolet Silverado 1500"" ""Pickup""",年份、Make、Model、版本、结构均与DIMENSION-ID语义一致,0.9231
Dodge Caravan SWB MPV 2001-2007,2007,Dodge,Caravan,Dodge Caravan,SWB,MPV,,,Dodge,Grand Caravan,4A全覆盖-MODEL_CONTAINS,待联网审核,4A原子尚无正式映射；语义候选需验证版本、结构和年份,"2007 ""Dodge Grand Caravan"" ""Dodge Caravan"" ""SWB"" ""MPV""",年份、Make、Model、版本、结构均与DIMENSION-ID语义一致,0.9000
Ford F-350 Super Duty DRW Pickup 1999-2007 Regular 8,2007,Ford,F-350 Super Duty,Ford F-350 Super Duty,DRW,Pickup,Regular,8,Ford,E-350 Super Duty,4A全覆盖-MODEL_SIMILAR,待联网审核,4A原子尚无正式映射；语义候选需验证版本、结构和年份,"2007 ""Ford E-350 Super Duty"" ""Ford F-350 Super Duty"" ""DRW"" ""Pickup""",年份、Make、Model、版本、结构均与DIMENSION-ID语义一致,0.9231
Ford F-350 Super Duty DRW Pickup 2006-2007 Crew 8,2007,Ford,F-350 Super Duty,Ford F-350 Super Duty,DRW,Pickup,Crew,8,Ford,E-350 Super Duty,4A全覆盖-MODEL_SIMILAR,待联网审核,4A原子尚无正式映射；语义候选需验证版本、结构和年份,"2007 ""Ford E-350 Super Duty"" ""Ford F-350 Super Duty"" ""DRW"" ""Pickup""",年份、Make、Model、版本、结构均与DIMENSION-ID语义一致,0.9231
Ford F-250/F-350 Super Duty Pickup 1999-2007 Crew 6.8,2007,Ford,F-250/F-350 Super Duty,Ford F-250/F-350 Super Duty,,Pickup,Crew,6.8,Ford,F-350,4A全覆盖-MODEL_CONTAINS,待联网审核,4A原子尚无正式映射；语义候选需验证版本、结构和年份,"2007 ""Ford F-350"" ""Ford F-250/F-350 Super Duty"" ""Pickup""",年份、Make、Model、版本、结构均与DIMENSION-ID语义一致,0.9000
Ford F-250/F-350 Super Duty Pickup 1999-2007 Crew 8,2007,Ford,F-250/F-350 Super Duty,Ford F-250/F-350 Super Duty,,Pickup,Crew,8,Ford,F-350,4A全覆盖-MODEL_CONTAINS,待联网审核,4A原子尚无正式映射；语义候选需验证版本、结构和年份,"2007 ""Ford F-350"" ""Ford F-250/F-350 Super Duty"" ""Pickup""",年份、Make、Model、版本、结构均与DIMENSION-ID语义一致,0.9000
Ford F-250/F-350 Super Duty Pickup 1999-2007 Regular 8,2007,Ford,F-250/F-350 Super Duty,Ford F-250/F-350 Super Duty,,Pickup,Regular,8,Ford,F-350,4A全覆盖-MODEL_CONTAINS,待联网审核,4A原子尚无正式映射；语义候选需验证版本、结构和年份,"2007 ""Ford F-350"" ""Ford F-250/F-350 Super Duty"" ""Pickup""",年份、Make、Model、版本、结构均与DIMENSION-ID语义一致,0.9000
Ford F-250/F-350 Super Duty Pickup 1999-2007 SuperCab 6.8,2007,Ford,F-250/F-350 Super Duty,Ford F-250/F-350 Super Duty,,Pickup,SuperCab,6.8,Ford,F-350,4A全覆盖-MODEL_CONTAINS,待联网审核,4A原子尚无正式映射；语义候选需验证版本、结构和年份,"2007 ""Ford F-350"" ""Ford F-250/F-350 Super Duty"" ""Pickup""",年份、Make、Model、版本、结构均与DIMENSION-ID语义一致,0.9000
Ford F-250/F-350 Super Duty Pickup 2005-2007 SuperCab 8,2007,Ford,F-250/F-350 Super Duty,Ford F-250/F-350 Super Duty,,Pickup,SuperCab,8,Ford,F-350,4A全覆盖-MODEL_CONTAINS,待联网审核,4A原子尚无正式映射；语义候选需验证版本、结构和年份,"2007 ""Ford F-350"" ""Ford F-250/F-350 Super Duty"" ""Pickup""",年份、Make、Model、版本、结构均与DIMENSION-ID语义一致,0.9000
GMC Sierra 1500 Pickup 2007-2013 Crew 5.8,2007,GMC,Sierra 1500,GMC Sierra 1500,,Pickup,Crew,5.8,GMC,Sierra,4A全覆盖-MODEL_CONTAINS,待联网审核,4A原子尚无正式映射；语义候选需验证版本、结构和年份,"2007 ""GMC Sierra"" ""GMC Sierra 1500"" ""Pickup""",年份、Make、Model、版本、结构均与DIMENSION-ID语义一致,0.9000
GMC Sierra 1500 Pickup 2007-2013 Extended 6.6,2007,GMC,Sierra 1500,GMC Sierra 1500,,Pickup,Extended,6.6,GMC,Sierra,4A全覆盖-MODEL_CONTAINS,待联网审核,4A原子尚无正式映射；语义候选需验证版本、结构和年份,"2007 ""GMC Sierra"" ""GMC Sierra 1500"" ""Pickup""",年份、Make、Model、版本、结构均与DIMENSION-ID语义一致,0.9000
GMC Sierra 1500 Pickup 2007-2013 Extended 8,2007,GMC,Sierra 1500,GMC Sierra 1500,,Pickup,Extended,8,GMC,Sierra,4A全覆盖-MODEL_CONTAINS,待联网审核,4A原子尚无正式映射；语义候选需验证版本、结构和年份,"2007 ""GMC Sierra"" ""GMC Sierra 1500"" ""Pickup""",年份、Make、Model、版本、结构均与DIMENSION-ID语义一致,0.9000
GMC Sierra 1500 Pickup 2007-2013 Regular 6.6,2007,GMC,Sierra 1500,GMC Sierra 1500,,Pickup,Regular,6.6,GMC,Sierra,4A全覆盖-MODEL_CONTAINS,待联网审核,4A原子尚无正式映射；语义候选需验证版本、结构和年份,"2007 ""GMC Sierra"" ""GMC Sierra 1500"" ""Pickup""",年份、Make、Model、版本、结构均与DIMENSION-ID语义一致,0.9000
GMC Sierra 1500 Pickup 2007-2013 Regular 8,2007,GMC,Sierra 1500,GMC Sierra 1500,,Pickup,Regular,8,GMC,Sierra,4A全覆盖-MODEL_CONTAINS,待联网审核,4A原子尚无正式映射；语义候选需验证版本、结构和年份,"2007 ""GMC Sierra"" ""GMC Sierra 1500"" ""Pickup""",年份、Make、Model、版本、结构均与DIMENSION-ID语义一致,0.9000
GMC Sierra 1500 Pickup 2007-2013 Crew 5.8,2007,GMC,Sierra 1500,GMC Sierra 1500,,Pickup,Crew,5.8,GMC,Sierra 1500 Classic,4A全覆盖-MODEL_CONTAINS,待联网审核,4A原子尚无正式映射；语义候选需验证版本、结构和年份,"2007 ""GMC Sierra 1500 Classic"" ""GMC Sierra 1500"" ""Pickup""",年份、Make、Model、版本、结构均与DIMENSION-ID语义一致,0.9000
GMC Sierra 1500 Pickup 2007-2013 Extended 6.6,2007,GMC,Sierra 1500,GMC Sierra 1500,,Pickup,Extended,6.6,GMC,Sierra 1500 Classic,4A全覆盖-MODEL_CONTAINS,待联网审核,4A原子尚无正式映射；语义候选需验证版本、结构和年份,"2007 ""GMC Sierra 1500 Classic"" ""GMC Sierra 1500"" ""Pickup""",年份、Make、Model、版本、结构均与DIMENSION-ID语义一致,0.9000
GMC Sierra 1500 Pickup 2007-2013 Extended 8,2007,GMC,Sierra 1500,GMC Sierra 1500,,Pickup,Extended,8,GMC,Sierra 1500 Classic,4A全覆盖-MODEL_CONTAINS,待联网审核,4A原子尚无正式映射；语义候选需验证版本、结构和年份,"2007 ""GMC Sierra 1500 Classic"" ""GMC Sierra 1500"" ""Pickup""",年份、Make、Model、版本、结构均与DIMENSION-ID语义一致,0.9000
GMC Sierra 1500 Pickup 2007-2013 Regular 6.6,2007,GMC,Sierra 1500,GMC Sierra 1500,,Pickup,Regular,6.6,GMC,Sierra 1500 Classic,4A全覆盖-MODEL_CONTAINS,待联网审核,4A原子尚无正式映射；语义候选需验证版本、结构和年份,"2007 ""GMC Sierra 1500 Classic"" ""GMC Sierra 1500"" ""Pickup""",年份、Make、Model、版本、结构均与DIMENSION-ID语义一致,0.9000
GMC Sierra 1500 Pickup 2007-2013 Regular 8,2007,GMC,Sierra 1500,GMC Sierra 1500,,Pickup,Regular,8,GMC,Sierra 1500 Classic,4A全覆盖-MODEL_CONTAINS,待联网审核,4A原子尚无正式映射；语义候选需验证版本、结构和年份,"2007 ""GMC Sierra 1500 Classic"" ""GMC Sierra 1500"" ""Pickup""",年份、Make、Model、版本、结构均与DIMENSION-ID语义一致,0.9000
GMC Sierra 1500 Pickup 2007-2013 Crew 5.8,2007,GMC,Sierra 1500,GMC Sierra 1500,,Pickup,Crew,5.8,GMC,Sierra 1500 HD Classic,4A全覆盖-MODEL_CONTAINS,待联网审核,4A原子尚无正式映射；语义候选需验证版本、结构和年份,"2007 ""GMC Sierra 1500 HD Classic"" ""GMC Sierra 1500"" ""Pickup""",年份、Make、Model、版本、结构均与DIMENSION-ID语义一致,0.9000
GMC Sierra 1500 Pickup 2007-2013 Extended 6.6,2007,GMC,Sierra 1500,GMC Sierra 1500,,Pickup,Extended,6.6,GMC,Sierra 1500 HD Classic,4A全覆盖-MODEL_CONTAINS,待联网审核,4A原子尚无正式映射；语义候选需验证版本、结构和年份,"2007 ""GMC Sierra 1500 HD Classic"" ""GMC Sierra 1500"" ""Pickup""",年份、Make、Model、版本、结构均与DIMENSION-ID语义一致,0.9000
GMC Sierra 1500 Pickup 2007-2013 Extended 8,2007,GMC,Sierra 1500,GMC Sierra 1500,,Pickup,Extended,8,GMC,Sierra 1500 HD Classic,4A全覆盖-MODEL_CONTAINS,待联网审核,4A原子尚无正式映射；语义候选需验证版本、结构和年份,"2007 ""GMC Sierra 1500 HD Classic"" ""GMC Sierra 1500"" ""Pickup""",年份、Make、Model、版本、结构均与DIMENSION-ID语义一致,0.9000
GMC Sierra 1500 Pickup 2007-2013 Regular 6.6,2007,GMC,Sierra 1500,GMC Sierra 1500,,Pickup,Regular,6.6,GMC,Sierra 1500 HD Classic,4A全覆盖-MODEL_CONTAINS,待联网审核,4A原子尚无正式映射；语义候选需验证版本、结构和年份,"2007 ""GMC Sierra 1500 HD Classic"" ""GMC Sierra 1500"" ""Pickup""",年份、Make、Model、版本、结构均与DIMENSION-ID语义一致,0.9000
GMC Sierra 1500 Pickup 2007-2013 Regular 8,2007,GMC,Sierra 1500,GMC Sierra 1500,,Pickup,Regular,8,GMC,Sierra 1500 HD Classic,4A全覆盖-MODEL_CONTAINS,待联网审核,4A原子尚无正式映射；语义候选需验证版本、结构和年份,"2007 ""GMC Sierra 1500 HD Classic"" ""GMC Sierra 1500"" ""Pickup""",年份、Make、Model、版本、结构均与DIMENSION-ID语义一致,0.9000
Jaguar XK XKR Convertible 2007-2015,2007,Jaguar,XK,Jaguar XK,XKR,Convertible,,,Jaguar,XK,4A全覆盖-MODEL_EXACT,待联网审核,4A原子尚无正式映射；语义候选需验证版本、结构和年份,"2007 ""Jaguar XK"" ""Jaguar XK"" ""XKR"" ""Convertible""",年份、Make、Model、版本、结构均与DIMENSION-ID语义一致,1.0000
Jaguar XK XKR Coupe 2007-2015,2007,Jaguar,XK,Jaguar XK,XKR,Coupe,,,Jaguar,XK,4A全覆盖-MODEL_EXACT,待联网审核,4A原子尚无正式映射；语义候选需验证版本、结构和年份,"2007 ""Jaguar XK"" ""Jaguar XK"" ""XKR"" ""Coupe""",年份、Make、Model、版本、结构均与DIMENSION-ID语义一致,1.0000
Kia Rio Rio5 Hatchback 2006-2011,2007,Kia,Rio,Kia Rio,Rio5,Hatchback,,,Kia,Rio5,4A全覆盖-VERSION_EXACT,待联网审核,4A原子尚无正式映射；语义候选需验证版本、结构和年份,"2007 ""Kia Rio5"" ""Kia Rio"" ""Rio5"" ""Hatchback""",年份、Make、Model、版本、结构均与DIMENSION-ID语义一致,0.9900
Kia Spectra Hatchback 2007-2009,2007,Kia,Spectra,Kia Spectra,,Hatchback,,,Kia,Spectra5,4A全覆盖-MODEL_CONTAINS,待联网审核,4A原子尚无正式映射；语义候选需验证版本、结构和年份,"2007 ""Kia Spectra5"" ""Kia Spectra"" ""Hatchback""",年份、Make、Model、版本、结构均与DIMENSION-ID语义一致,0.9000
Kia Spectra Sedan 2007-2009,2007,Kia,Spectra,Kia Spectra,,Sedan,,,Kia,Spectra5,4A全覆盖-MODEL_CONTAINS,待联网审核,4A原子尚无正式映射；语义候选需验证版本、结构和年份,"2007 ""Kia Spectra5"" ""Kia Spectra"" ""Sedan""",年份、Make、Model、版本、结构均与DIMENSION-ID语义一致,0.9000
Chevrolet Aveo Hatchback 2007-2008,2008,Chevrolet,Aveo,Chevrolet Aveo,,Hatchback,,,Chevrolet,Aveo5,4A全覆盖-MODEL_CONTAINS,待联网审核,4A原子尚无正式映射；语义候选需验证版本、结构和年份,"2008 ""Chevrolet Aveo5"" ""Chevrolet Aveo"" ""Hatchback""",年份、Make、Model、版本、结构均与DIMENSION-ID语义一致,0.9000
Chevrolet Aveo Sedan 2007-2011,2008,Chevrolet,Aveo,Chevrolet Aveo,,Sedan,,,Chevrolet,Aveo5,4A全覆盖-MODEL_CONTAINS,待联网审核,4A原子尚无正式映射；语义候选需验证版本、结构和年份,"2008 ""Chevrolet Aveo5"" ""Chevrolet Aveo"" ""Sedan""",年份、Make、Model、版本、结构均与DIMENSION-ID语义一致,0.9000
Chevrolet Silverado 1500 Pickup 2007-2008 Crew 5.8,2008,Chevrolet,Silverado 1500,Chevrolet Silverado 1500,,Pickup,Crew,5.8,Chevrolet,Silverado 2500,4A全覆盖-MODEL_SIMILAR,待联网审核,4A原子尚无正式映射；语义候选需验证版本、结构和年份,"2008 ""Chevrolet Silverado 2500"" ""Chevrolet Silverado 1500"" ""Pickup""",年份、Make、Model、版本、结构均与DIMENSION-ID语义一致,0.9231
Chevrolet Silverado 1500 Pickup 2007-2008 Extended 6.5,2008,Chevrolet,Silverado 1500,Chevrolet Silverado 1500,,Pickup,Extended,6.5,Chevrolet,Silverado 2500,4A全覆盖-MODEL_SIMILAR,待联网审核,4A原子尚无正式映射；语义候选需验证版本、结构和年份,"2008 ""Chevrolet Silverado 2500"" ""Chevrolet Silverado 1500"" ""Pickup""",年份、Make、Model、版本、结构均与DIMENSION-ID语义一致,0.9231
Chevrolet Silverado 1500 Pickup 2007-2013 Extended 8,2008,Chevrolet,Silverado 1500,Chevrolet Silverado 1500,,Pickup,Extended,8,Chevrolet,Silverado 2500,4A全覆盖-MODEL_SIMILAR,待联网审核,4A原子尚无正式映射；语义候选需验证版本、结构和年份,"2008 ""Chevrolet Silverado 2500"" ""Chevrolet Silverado 1500"" ""Pickup""",年份、Make、Model、版本、结构均与DIMENSION-ID语义一致,0.9231
Chevrolet Silverado 1500 Pickup 2007-2013 Regular 6.6,2008,Chevrolet,Silverado 1500,Chevrolet Silverado 1500,,Pickup,Regular,6.6,Chevrolet,Silverado 2500,4A全覆盖-MODEL_SIMILAR,待联网审核,4A原子尚无正式映射；语义候选需验证版本、结构和年份,"2008 ""Chevrolet Silverado 2500"" ""Chevrolet Silverado 1500"" ""Pickup""",年份、Make、Model、版本、结构均与DIMENSION-ID语义一致,0.9231
Chevrolet Silverado 1500 Pickup 2007-2013 Regular 8,2008,Chevrolet,Silverado 1500,Chevrolet Silverado 1500,,Pickup,Regular,8,Chevrolet,Silverado 2500,4A全覆盖-MODEL_SIMILAR,待联网审核,4A原子尚无正式映射；语义候选需验证版本、结构和年份,"2008 ""Chevrolet Silverado 2500"" ""Chevrolet Silverado 1500"" ""Pickup""",年份、Make、Model、版本、结构均与DIMENSION-ID语义一致,0.9231
Chevrolet Silverado 1500 Pickup 2007-2008 Crew 5.8,2008,Chevrolet,Silverado 1500,Chevrolet Silverado 1500,,Pickup,Crew,5.8,Chevrolet,Silverado 3500,4A全覆盖-MODEL_SIMILAR,待联网审核,4A原子尚无正式映射；语义候选需验证版本、结构和年份,"2008 ""Chevrolet Silverado 3500"" ""Chevrolet Silverado 1500"" ""Pickup""",年份、Make、Model、版本、结构均与DIMENSION-ID语义一致,0.9231
Chevrolet Silverado 1500 Pickup 2007-2008 Extended 6.5,2008,Chevrolet,Silverado 1500,Chevrolet Silverado 1500,,Pickup,Extended,6.5,Chevrolet,Silverado 3500,4A全覆盖-MODEL_SIMILAR,待联网审核,4A原子尚无正式映射；语义候选需验证版本、结构和年份,"2008 ""Chevrolet Silverado 3500"" ""Chevrolet Silverado 1500"" ""Pickup""",年份、Make、Model、版本、结构均与DIMENSION-ID语义一致,0.9231
Chevrolet Silverado 1500 Pickup 2007-2013 Extended 8,2008,Chevrolet,Silverado 1500,Chevrolet Silverado 1500,,Pickup,Extended,8,Chevrolet,Silverado 3500,4A全覆盖-MODEL_SIMILAR,待联网审核,4A原子尚无正式映射；语义候选需验证版本、结构和年份,"2008 ""Chevrolet Silverado 3500"" ""Chevrolet Silverado 1500"" ""Pickup""",年份、Make、Model、版本、结构均与DIMENSION-ID语义一致,0.9231
Chevrolet Silverado 1500 Pickup 2007-2013 Regular 6.6,2008,Chevrolet,Silverado 1500,Chevrolet Silverado 1500,,Pickup,Regular,6.6,Chevrolet,Silverado 3500,4A全覆盖-MODEL_SIMILAR,待联网审核,4A原子尚无正式映射；语义候选需验证版本、结构和年份,"2008 ""Chevrolet Silverado 3500"" ""Chevrolet Silverado 1500"" ""Pickup""",年份、Make、Model、版本、结构均与DIMENSION-ID语义一致,0.9231
Chevrolet Silverado 1500 Pickup 2007-2013 Regular 8,2008,Chevrolet,Silverado 1500,Chevrolet Silverado 1500,,Pickup,Regular,8,Chevrolet,Silverado 3500,4A全覆盖-MODEL_SIMILAR,待联网审核,4A原子尚无正式映射；语义候选需验证版本、结构和年份,"2008 ""Chevrolet Silverado 3500"" ""Chevrolet Silverado 1500"" ""Pickup""",年份、Make、Model、版本、结构均与DIMENSION-ID语义一致,0.9231
Ford F-350 Super Duty DRW Pickup 2008-2010 Crew 8,2008,Ford,F-350 Super Duty,Ford F-350 Super Duty,DRW,Pickup,Crew,8,Ford,E-350 Super Duty,4A全覆盖-MODEL_SIMILAR,待联网审核,4A原子尚无正式映射；语义候选需验证版本、结构和年份,"2008 ""Ford E-350 Super Duty"" ""Ford F-350 Super Duty"" ""DRW"" ""Pickup""",年份、Make、Model、版本、结构均与DIMENSION-ID语义一致,0.9231
Ford F-350 Super Duty DRW Pickup 2008-2010 Regular 8,2008,Ford,F-350 Super Duty,Ford F-350 Super Duty,DRW,Pickup,Regular,8,Ford,E-350 Super Duty,4A全覆盖-MODEL_SIMILAR,待联网审核,4A原子尚无正式映射；语义候选需验证版本、结构和年份,"2008 ""Ford E-350 Super Duty"" ""Ford F-350 Super Duty"" ""DRW"" ""Pickup""",年份、Make、Model、版本、结构均与DIMENSION-ID语义一致,0.9231
Ford F-250/F-350 Super Duty Pickup 2008-2010 Crew 6.8,2008,Ford,F-250/F-350 Super Duty,Ford F-250/F-350 Super Duty,,Pickup,Crew,6.8,Ford,F-350,4A全覆盖-MODEL_CONTAINS,待联网审核,4A原子尚无正式映射；语义候选需验证版本、结构和年份,"2008 ""Ford F-350"" ""Ford F-250/F-350 Super Duty"" ""Pickup""",年份、Make、Model、版本、结构均与DIMENSION-ID语义一致,0.9000
Ford F-250/F-350 Super Duty Pickup 2008-2010 Crew 8,2008,Ford,F-250/F-350 Super Duty,Ford F-250/F-350 Super Duty,,Pickup,Crew,8,Ford,F-350,4A全覆盖-MODEL_CONTAINS,待联网审核,4A原子尚无正式映射；语义候选需验证版本、结构和年份,"2008 ""Ford F-350"" ""Ford F-250/F-350 Super Duty"" ""Pickup""",年份、Make、Model、版本、结构均与DIMENSION-ID语义一致,0.9000
Ford F-250/F-350 Super Duty Pickup 2008-2010 Regular 8,2008,Ford,F-250/F-350 Super Duty,Ford F-250/F-350 Super Duty,,Pickup,Regular,8,Ford,F-350,4A全覆盖-MODEL_CONTAINS,待联网审核,4A原子尚无正式映射；语义候选需验证版本、结构和年份,"2008 ""Ford F-350"" ""Ford F-250/F-350 Super Duty"" ""Pickup""",年份、Make、Model、版本、结构均与DIMENSION-ID语义一致,0.9000
Ford F-250/F-350 Super Duty Pickup 2008-2010 SuperCab 6.8,2008,Ford,F-250/F-350 Super Duty,Ford F-250/F-350 Super Duty,,Pickup,SuperCab,6.8,Ford,F-350,4A全覆盖-MODEL_CONTAINS,待联网审核,4A原子尚无正式映射；语义候选需验证版本、结构和年份,"2008 ""Ford F-350"" ""Ford F-250/F-350 Super Duty"" ""Pickup""",年份、Make、Model、版本、结构均与DIMENSION-ID语义一致,0.9000
Ford F-250/F-350 Super Duty Pickup 2008-2010 SuperCab 8,2008,Ford,F-250/F-350 Super Duty,Ford F-250/F-350 Super Duty,,Pickup,SuperCab,8,Ford,F-350,4A全覆盖-MODEL_CONTAINS,待联网审核,4A原子尚无正式映射；语义候选需验证版本、结构和年份,"2008 ""Ford F-350"" ""Ford F-250/F-350 Super Duty"" ""Pickup""",年份、Make、Model、版本、结构均与DIMENSION-ID语义一致,0.9000
GMC Sierra 1500 Pickup 2007-2013 Crew 5.8,2008,GMC,Sierra 1500,GMC Sierra 1500,,Pickup,Crew,5.8,GMC,Sierra,4A全覆盖-MODEL_CONTAINS,待联网审核,4A原子尚无正式映射；语义候选需验证版本、结构和年份,"2008 ""GMC Sierra"" ""GMC Sierra 1500"" ""Pickup""",年份、Make、Model、版本、结构均与DIMENSION-ID语义一致,0.9000
GMC Sierra 1500 Pickup 2007-2013 Extended 6.6,2008,GMC,Sierra 1500,GMC Sierra 1500,,Pickup,Extended,6.6,GMC,Sierra,4A全覆盖-MODEL_CONTAINS,待联网审核,4A原子尚无正式映射；语义候选需验证版本、结构和年份,"2008 ""GMC Sierra"" ""GMC Sierra 1500"" ""Pickup""",年份、Make、Model、版本、结构均与DIMENSION-ID语义一致,0.9000
GMC Sierra 1500 Pickup 2007-2013 Extended 8,2008,GMC,Sierra 1500,GMC Sierra 1500,,Pickup,Extended,8,GMC,Sierra,4A全覆盖-MODEL_CONTAINS,待联网审核,4A原子尚无正式映射；语义候选需验证版本、结构和年份,"2008 ""GMC Sierra"" ""GMC Sierra 1500"" ""Pickup""",年份、Make、Model、版本、结构均与DIMENSION-ID语义一致,0.9000
GMC Sierra 1500 Pickup 2007-2013 Regular 6.6,2008,GMC,Sierra 1500,GMC Sierra 1500,,Pickup,Regular,6.6,GMC,Sierra,4A全覆盖-MODEL_CONTAINS,待联网审核,4A原子尚无正式映射；语义候选需验证版本、结构和年份,"2008 ""GMC Sierra"" ""GMC Sierra 1500"" ""Pickup""",年份、Make、Model、版本、结构均与DIMENSION-ID语义一致,0.9000
GMC Sierra 1500 Pickup 2007-2013 Regular 8,2008,GMC,Sierra 1500,GMC Sierra 1500,,Pickup,Regular,8,GMC,Sierra,4A全覆盖-MODEL_CONTAINS,待联网审核,4A原子尚无正式映射；语义候选需验证版本、结构和年份,"2008 ""GMC Sierra"" ""GMC Sierra 1500"" ""Pickup""",年份、Make、Model、版本、结构均与DIMENSION-ID语义一致,0.9000
Jaguar XK XKR Convertible 2007-2015,2008,Jaguar,XK,Jaguar XK,XKR,Convertible,,,Jaguar,XK,4A全覆盖-MODEL_EXACT,待联网审核,4A原子尚无正式映射；语义候选需验证版本、结构和年份,"2008 ""Jaguar XK"" ""Jaguar XK"" ""XKR"" ""Convertible""",年份、Make、Model、版本、结构均与DIMENSION-ID语义一致,1.0000
Jaguar XK XKR Coupe 2007-2015,2008,Jaguar,XK,Jaguar XK,XKR,Coupe,,,Jaguar,XK,4A全覆盖-MODEL_EXACT,待联网审核,4A原子尚无正式映射；语义候选需验证版本、结构和年份,"2008 ""Jaguar XK"" ""Jaguar XK"" ""XKR"" ""Coupe""",年份、Make、Model、版本、结构均与DIMENSION-ID语义一致,1.0000
Kia Rio Rio5 Hatchback 2006-2011,2008,Kia,Rio,Kia Rio,Rio5,Hatchback,,,Kia,Rio5,4A全覆盖-VERSION_EXACT,待联网审核,4A原子尚无正式映射；语义候选需验证版本、结构和年份,"2008 ""Kia Rio5"" ""Kia Rio"" ""Rio5"" ""Hatchback""",年份、Make、Model、版本、结构均与DIMENSION-ID语义一致,0.9900
Kia Spectra Hatchback 2007-2009,2008,Kia,Spectra,Kia Spectra,,Hatchback,,,Kia,Spectra5,4A全覆盖-MODEL_CONTAINS,待联网审核,4A原子尚无正式映射；语义候选需验证版本、结构和年份,"2008 ""Kia Spectra5"" ""Kia Spectra"" ""Hatchback""",年份、Make、Model、版本、结构均与DIMENSION-ID语义一致,0.9000
Kia Spectra Sedan 2007-2009,2008,Kia,Spectra,Kia Spectra,,Sedan,,,Kia,Spectra5,4A全覆盖-MODEL_CONTAINS,待联网审核,4A原子尚无正式映射；语义候选需验证版本、结构和年份,"2008 ""Kia Spectra5"" ""Kia Spectra"" ""Sedan""",年份、Make、Model、版本、结构均与DIMENSION-ID语义一致,0.9000
Chevrolet Aveo Hatchback 2009-2011,2009,Chevrolet,Aveo,Chevrolet Aveo,,Hatchback,,,Chevrolet,Aveo5,4A全覆盖-MODEL_CONTAINS,待联网审核,4A原子尚无正式映射；语义候选需验证版本、结构和年份,"2009 ""Chevrolet Aveo5"" ""Chevrolet Aveo"" ""Hatchback""",年份、Make、Model、版本、结构均与DIMENSION-ID语义一致,0.9000
Chevrolet Aveo Sedan 2007-2011,2009,Chevrolet,Aveo,Chevrolet Aveo,,Sedan,,,Chevrolet,Aveo5,4A全覆盖-MODEL_CONTAINS,待联网审核,4A原子尚无正式映射；语义候选需验证版本、结构和年份,"2009 ""Chevrolet Aveo5"" ""Chevrolet Aveo"" ""Sedan""",年份、Make、Model、版本、结构均与DIMENSION-ID语义一致,0.9000
Chevrolet Silverado 1500 Pickup 2007-2013 Extended 8,2009,Chevrolet,Silverado 1500,Chevrolet Silverado 1500,,Pickup,Extended,8,Chevrolet,Silverado 2500,4A全覆盖-MODEL_SIMILAR,待联网审核,4A原子尚无正式映射；语义候选需验证版本、结构和年份,"2009 ""Chevrolet Silverado 2500"" ""Chevrolet Silverado 1500"" ""Pickup""",年份、Make、Model、版本、结构均与DIMENSION-ID语义一致,0.9231
Chevrolet Silverado 1500 Pickup 2007-2013 Regular 6.6,2009,Chevrolet,Silverado 1500,Chevrolet Silverado 1500,,Pickup,Regular,6.6,Chevrolet,Silverado 2500,4A全覆盖-MODEL_SIMILAR,待联网审核,4A原子尚无正式映射；语义候选需验证版本、结构和年份,"2009 ""Chevrolet Silverado 2500"" ""Chevrolet Silverado 1500"" ""Pickup""",年份、Make、Model、版本、结构均与DIMENSION-ID语义一致,0.9231
Chevrolet Silverado 1500 Pickup 2007-2013 Regular 8,2009,Chevrolet,Silverado 1500,Chevrolet Silverado 1500,,Pickup,Regular,8,Chevrolet,Silverado 2500,4A全覆盖-MODEL_SIMILAR,待联网审核,4A原子尚无正式映射；语义候选需验证版本、结构和年份,"2009 ""Chevrolet Silverado 2500"" ""Chevrolet Silverado 1500"" ""Pickup""",年份、Make、Model、版本、结构均与DIMENSION-ID语义一致,0.9231
Chevrolet Silverado 1500 Pickup 2009-2013 Crew 5.8,2009,Chevrolet,Silverado 1500,Chevrolet Silverado 1500,,Pickup,Crew,5.8,Chevrolet,Silverado 2500,4A全覆盖-MODEL_SIMILAR,待联网审核,4A原子尚无正式映射；语义候选需验证版本、结构和年份,"2009 ""Chevrolet Silverado 2500"" ""Chevrolet Silverado 1500"" ""Pickup""",年份、Make、Model、版本、结构均与DIMENSION-ID语义一致,0.9231
Chevrolet Silverado 1500 Pickup 2009-2013 Extended 6.5,2009,Chevrolet,Silverado 1500,Chevrolet Silverado 1500,,Pickup,Extended,6.5,Chevrolet,Silverado 2500,4A全覆盖-MODEL_SIMILAR,待联网审核,4A原子尚无正式映射；语义候选需验证版本、结构和年份,"2009 ""Chevrolet Silverado 2500"" ""Chevrolet Silverado 1500"" ""Pickup""",年份、Make、Model、版本、结构均与DIMENSION-ID语义一致,0.9231
Chevrolet Silverado 1500 Pickup 2007-2013 Extended 8,2009,Chevrolet,Silverado 1500,Chevrolet Silverado 1500,,Pickup,Extended,8,Chevrolet,Silverado 3500,4A全覆盖-MODEL_SIMILAR,待联网审核,4A原子尚无正式映射；语义候选需验证版本、结构和年份,"2009 ""Chevrolet Silverado 3500"" ""Chevrolet Silverado 1500"" ""Pickup""",年份、Make、Model、版本、结构均与DIMENSION-ID语义一致,0.9231
Chevrolet Silverado 1500 Pickup 2007-2013 Regular 6.6,2009,Chevrolet,Silverado 1500,Chevrolet Silverado 1500,,Pickup,Regular,6.6,Chevrolet,Silverado 3500,4A全覆盖-MODEL_SIMILAR,待联网审核,4A原子尚无正式映射；语义候选需验证版本、结构和年份,"2009 ""Chevrolet Silverado 3500"" ""Chevrolet Silverado 1500"" ""Pickup""",年份、Make、Model、版本、结构均与DIMENSION-ID语义一致,0.9231
Chevrolet Silverado 1500 Pickup 2007-2013 Regular 8,2009,Chevrolet,Silverado 1500,Chevrolet Silverado 1500,,Pickup,Regular,8,Chevrolet,Silverado 3500,4A全覆盖-MODEL_SIMILAR,待联网审核,4A原子尚无正式映射；语义候选需验证版本、结构和年份,"2009 ""Chevrolet Silverado 3500"" ""Chevrolet Silverado 1500"" ""Pickup""",年份、Make、Model、版本、结构均与DIMENSION-ID语义一致,0.9231
Chevrolet Silverado 1500 Pickup 2009-2013 Crew 5.8,2009,Chevrolet,Silverado 1500,Chevrolet Silverado 1500,,Pickup,Crew,5.8,Chevrolet,Silverado 3500,4A全覆盖-MODEL_SIMILAR,待联网审核,4A原子尚无正式映射；语义候选需验证版本、结构和年份,"2009 ""Chevrolet Silverado 3500"" ""Chevrolet Silverado 1500"" ""Pickup""",年份、Make、Model、版本、结构均与DIMENSION-ID语义一致,0.9231
Chevrolet Silverado 1500 Pickup 2009-2013 Extended 6.5,2009,Chevrolet,Silverado 1500,Chevrolet Silverado 1500,,Pickup,Extended,6.5,Chevrolet,Silverado 3500,4A全覆盖-MODEL_SIMILAR,待联网审核,4A原子尚无正式映射；语义候选需验证版本、结构和年份,"2009 ""Chevrolet Silverado 3500"" ""Chevrolet Silverado 1500"" ""Pickup""",年份、Make、Model、版本、结构均与DIMENSION-ID语义一致,0.9231
Ford F-350 Super Duty DRW Pickup 2008-2010 Crew 8,2009,Ford,F-350 Super Duty,Ford F-350 Super Duty,DRW,Pickup,Crew,8,Ford,E-350 Super Duty,4A全覆盖-MODEL_SIMILAR,待联网审核,4A原子尚无正式映射；语义候选需验证版本、结构和年份,"2009 ""Ford E-350 Super Duty"" ""Ford F-350 Super Duty"" ""DRW"" ""Pickup""",年份、Make、Model、版本、结构均与DIMENSION-ID语义一致,0.9231
Ford F-350 Super Duty DRW Pickup 2008-2010 Regular 8,2009,Ford,F-350 Super Duty,Ford F-350 Super Duty,DRW,Pickup,Regular,8,Ford,E-350 Super Duty,4A全覆盖-MODEL_SIMILAR,待联网审核,4A原子尚无正式映射；语义候选需验证版本、结构和年份,"2009 ""Ford E-350 Super Duty"" ""Ford F-350 Super Duty"" ""DRW"" ""Pickup""",年份、Make、Model、版本、结构均与DIMENSION-ID语义一致,0.9231
Ford F-250/F-350 Super Duty Pickup 2008-2010 Crew 6.8,2009,Ford,F-250/F-350 Super Duty,Ford F-250/F-350 Super Duty,,Pickup,Crew,6.8,Ford,F-350,4A全覆盖-MODEL_CONTAINS,待联网审核,4A原子尚无正式映射；语义候选需验证版本、结构和年份,"2009 ""Ford F-350"" ""Ford F-250/F-350 Super Duty"" ""Pickup""",年份、Make、Model、版本、结构均与DIMENSION-ID语义一致,0.9000
Ford F-250/F-350 Super Duty Pickup 2008-2010 Crew 8,2009,Ford,F-250/F-350 Super Duty,Ford F-250/F-350 Super Duty,,Pickup,Crew,8,Ford,F-350,4A全覆盖-MODEL_CONTAINS,待联网审核,4A原子尚无正式映射；语义候选需验证版本、结构和年份,"2009 ""Ford F-350"" ""Ford F-250/F-350 Super Duty"" ""Pickup""",年份、Make、Model、版本、结构均与DIMENSION-ID语义一致,0.9000
Ford F-250/F-350 Super Duty Pickup 2008-2010 Regular 8,2009,Ford,F-250/F-350 Super Duty,Ford F-250/F-350 Super Duty,,Pickup,Regular,8,Ford,F-350,4A全覆盖-MODEL_CONTAINS,待联网审核,4A原子尚无正式映射；语义候选需验证版本、结构和年份,"2009 ""Ford F-350"" ""Ford F-250/F-350 Super Duty"" ""Pickup""",年份、Make、Model、版本、结构均与DIMENSION-ID语义一致,0.9000
Ford F-250/F-350 Super Duty Pickup 2008-2010 SuperCab 6.8,2009,Ford,F-250/F-350 Super Duty,Ford F-250/F-350 Super Duty,,Pickup,SuperCab,6.8,Ford,F-350,4A全覆盖-MODEL_CONTAINS,待联网审核,4A原子尚无正式映射；语义候选需验证版本、结构和年份,"2009 ""Ford F-350"" ""Ford F-250/F-350 Super Duty"" ""Pickup""",年份、Make、Model、版本、结构均与DIMENSION-ID语义一致,0.9000
Ford F-250/F-350 Super Duty Pickup 2008-2010 SuperCab 8,2009,Ford,F-250/F-350 Super Duty,Ford F-250/F-350 Super Duty,,Pickup,SuperCab,8,Ford,F-350,4A全覆盖-MODEL_CONTAINS,待联网审核,4A原子尚无正式映射；语义候选需验证版本、结构和年份,"2009 ""Ford F-350"" ""Ford F-250/F-350 Super Duty"" ""Pickup""",年份、Make、Model、版本、结构均与DIMENSION-ID语义一致,0.9000
GMC Sierra 1500 Pickup 2007-2013 Crew 5.8,2009,GMC,Sierra 1500,GMC Sierra 1500,,Pickup,Crew,5.8,GMC,Sierra,4A全覆盖-MODEL_CONTAINS,待联网审核,4A原子尚无正式映射；语义候选需验证版本、结构和年份,"2009 ""GMC Sierra"" ""GMC Sierra 1500"" ""Pickup""",年份、Make、Model、版本、结构均与DIMENSION-ID语义一致,0.9000
GMC Sierra 1500 Pickup 2007-2013 Extended 6.6,2009,GMC,Sierra 1500,GMC Sierra 1500,,Pickup,Extended,6.6,GMC,Sierra,4A全覆盖-MODEL_CONTAINS,待联网审核,4A原子尚无正式映射；语义候选需验证版本、结构和年份,"2009 ""GMC Sierra"" ""GMC Sierra 1500"" ""Pickup""",年份、Make、Model、版本、结构均与DIMENSION-ID语义一致,0.9000
GMC Sierra 1500 Pickup 2007-2013 Extended 8,2009,GMC,Sierra 1500,GMC Sierra 1500,,Pickup,Extended,8,GMC,Sierra,4A全覆盖-MODEL_CONTAINS,待联网审核,4A原子尚无正式映射；语义候选需验证版本、结构和年份,"2009 ""GMC Sierra"" ""GMC Sierra 1500"" ""Pickup""",年份、Make、Model、版本、结构均与DIMENSION-ID语义一致,0.9000
GMC Sierra 1500 Pickup 2007-2013 Regular 6.6,2009,GMC,Sierra 1500,GMC Sierra 1500,,Pickup,Regular,6.6,GMC,Sierra,4A全覆盖-MODEL_CONTAINS,待联网审核,4A原子尚无正式映射；语义候选需验证版本、结构和年份,"2009 ""GMC Sierra"" ""GMC Sierra 1500"" ""Pickup""",年份、Make、Model、版本、结构均与DIMENSION-ID语义一致,0.9000
GMC Sierra 1500 Pickup 2007-2013 Regular 8,2009,GMC,Sierra 1500,GMC Sierra 1500,,Pickup,Regular,8,GMC,Sierra,4A全覆盖-MODEL_CONTAINS,待联网审核,4A原子尚无正式映射；语义候选需验证版本、结构和年份,"2009 ""GMC Sierra"" ""GMC Sierra 1500"" ""Pickup""",年份、Make、Model、版本、结构均与DIMENSION-ID语义一致,0.9000
Jaguar XK XKR Convertible 2007-2015,2009,Jaguar,XK,Jaguar XK,XKR,Convertible,,,Jaguar,XK,4A全覆盖-MODEL_EXACT,待联网审核,4A原子尚无正式映射；语义候选需验证版本、结构和年份,"2009 ""Jaguar XK"" ""Jaguar XK"" ""XKR"" ""Convertible""",年份、Make、Model、版本、结构均与DIMENSION-ID语义一致,1.0000
Jaguar XK XKR Coupe 2007-2015,2009,Jaguar,XK,Jaguar XK,XKR,Coupe,,,Jaguar,XK,4A全覆盖-MODEL_EXACT,待联网审核,4A原子尚无正式映射；语义候选需验证版本、结构和年份,"2009 ""Jaguar XK"" ""Jaguar XK"" ""XKR"" ""Coupe""",年份、Make、Model、版本、结构均与DIMENSION-ID语义一致,1.0000
Kia Rio Rio5 Hatchback 2006-2011,2009,Kia,Rio,Kia Rio,Rio5,Hatchback,,,Kia,Rio5,4A全覆盖-VERSION_EXACT,待联网审核,4A原子尚无正式映射；语义候选需验证版本、结构和年份,"2009 ""Kia Rio5"" ""Kia Rio"" ""Rio5"" ""Hatchback""",年份、Make、Model、版本、结构均与DIMENSION-ID语义一致,0.9900
Kia Spectra Hatchback 2007-2009,2009,Kia,Spectra,Kia Spectra,,Hatchback,,,Kia,Spectra5,4A全覆盖-MODEL_CONTAINS,待联网审核,4A原子尚无正式映射；语义候选需验证版本、结构和年份,"2009 ""Kia Spectra5"" ""Kia Spectra"" ""Hatchback""",年份、Make、Model、版本、结构均与DIMENSION-ID语义一致,0.9000
Kia Spectra Sedan 2007-2009,2009,Kia,Spectra,Kia Spectra,,Sedan,,,Kia,Spectra5,4A全覆盖-MODEL_CONTAINS,待联网审核,4A原子尚无正式映射；语义候选需验证版本、结构和年份,"2009 ""Kia Spectra5"" ""Kia Spectra"" ""Sedan""",年份、Make、Model、版本、结构均与DIMENSION-ID语义一致,0.9000
Chevrolet Aveo Hatchback 2009-2011,2010,Chevrolet,Aveo,Chevrolet Aveo,,Hatchback,,,Chevrolet,Aveo5,4A全覆盖-MODEL_CONTAINS,待联网审核,4A原子尚无正式映射；语义候选需验证版本、结构和年份,"2010 ""Chevrolet Aveo5"" ""Chevrolet Aveo"" ""Hatchback""",年份、Make、Model、版本、结构均与DIMENSION-ID语义一致,0.9000
Chevrolet Aveo Sedan 2007-2011,2010,Chevrolet,Aveo,Chevrolet Aveo,,Sedan,,,Chevrolet,Aveo5,4A全覆盖-MODEL_CONTAINS,待联网审核,4A原子尚无正式映射；语义候选需验证版本、结构和年份,"2010 ""Chevrolet Aveo5"" ""Chevrolet Aveo"" ""Sedan""",年份、Make、Model、版本、结构均与DIMENSION-ID语义一致,0.9000
Chevrolet Silverado 1500 Pickup 2007-2013 Extended 8,2010,Chevrolet,Silverado 1500,Chevrolet Silverado 1500,,Pickup,Extended,8,Chevrolet,Silverado 2500,4A全覆盖-MODEL_SIMILAR,待联网审核,4A原子尚无正式映射；语义候选需验证版本、结构和年份,"2010 ""Chevrolet Silverado 2500"" ""Chevrolet Silverado 1500"" ""Pickup""",年份、Make、Model、版本、结构均与DIMENSION-ID语义一致,0.9231
Chevrolet Silverado 1500 Pickup 2007-2013 Regular 6.6,2010,Chevrolet,Silverado 1500,Chevrolet Silverado 1500,,Pickup,Regular,6.6,Chevrolet,Silverado 2500,4A全覆盖-MODEL_SIMILAR,待联网审核,4A原子尚无正式映射；语义候选需验证版本、结构和年份,"2010 ""Chevrolet Silverado 2500"" ""Chevrolet Silverado 1500"" ""Pickup""",年份、Make、Model、版本、结构均与DIMENSION-ID语义一致,0.9231
Chevrolet Silverado 1500 Pickup 2007-2013 Regular 8,2010,Chevrolet,Silverado 1500,Chevrolet Silverado 1500,,Pickup,Regular,8,Chevrolet,Silverado 2500,4A全覆盖-MODEL_SIMILAR,待联网审核,4A原子尚无正式映射；语义候选需验证版本、结构和年份,"2010 ""Chevrolet Silverado 2500"" ""Chevrolet Silverado 1500"" ""Pickup""",年份、Make、Model、版本、结构均与DIMENSION-ID语义一致,0.9231
Chevrolet Silverado 1500 Pickup 2009-2013 Crew 5.8,2010,Chevrolet,Silverado 1500,Chevrolet Silverado 1500,,Pickup,Crew,5.8,Chevrolet,Silverado 2500,4A全覆盖-MODEL_SIMILAR,待联网审核,4A原子尚无正式映射；语义候选需验证版本、结构和年份,"2010 ""Chevrolet Silverado 2500"" ""Chevrolet Silverado 1500"" ""Pickup""",年份、Make、Model、版本、结构均与DIMENSION-ID语义一致,0.9231
Chevrolet Silverado 1500 Pickup 2009-2013 Extended 6.5,2010,Chevrolet,Silverado 1500,Chevrolet Silverado 1500,,Pickup,Extended,6.5,Chevrolet,Silverado 2500,4A全覆盖-MODEL_SIMILAR,待联网审核,4A原子尚无正式映射；语义候选需验证版本、结构和年份,"2010 ""Chevrolet Silverado 2500"" ""Chevrolet Silverado 1500"" ""Pickup""",年份、Make、Model、版本、结构均与DIMENSION-ID语义一致,0.9231
Chevrolet Silverado 1500 Pickup 2007-2013 Extended 8,2010,Chevrolet,Silverado 1500,Chevrolet Silverado 1500,,Pickup,Extended,8,Chevrolet,Silverado 3500,4A全覆盖-MODEL_SIMILAR,待联网审核,4A原子尚无正式映射；语义候选需验证版本、结构和年份,"2010 ""Chevrolet Silverado 3500"" ""Chevrolet Silverado 1500"" ""Pickup""",年份、Make、Model、版本、结构均与DIMENSION-ID语义一致,0.9231
Chevrolet Silverado 1500 Pickup 2007-2013 Regular 6.6,2010,Chevrolet,Silverado 1500,Chevrolet Silverado 1500,,Pickup,Regular,6.6,Chevrolet,Silverado 3500,4A全覆盖-MODEL_SIMILAR,待联网审核,4A原子尚无正式映射；语义候选需验证版本、结构和年份,"2010 ""Chevrolet Silverado 3500"" ""Chevrolet Silverado 1500"" ""Pickup""",年份、Make、Model、版本、结构均与DIMENSION-ID语义一致,0.9231
Chevrolet Silverado 1500 Pickup 2007-2013 Regular 8,2010,Chevrolet,Silverado 1500,Chevrolet Silverado 1500,,Pickup,Regular,8,Chevrolet,Silverado 3500,4A全覆盖-MODEL_SIMILAR,待联网审核,4A原子尚无正式映射；语义候选需验证版本、结构和年份,"2010 ""Chevrolet Silverado 3500"" ""Chevrolet Silverado 1500"" ""Pickup""",年份、Make、Model、版本、结构均与DIMENSION-ID语义一致,0.9231
Chevrolet Silverado 1500 Pickup 2009-2013 Crew 5.8,2010,Chevrolet,Silverado 1500,Chevrolet Silverado 1500,,Pickup,Crew,5.8,Chevrolet,Silverado 3500,4A全覆盖-MODEL_SIMILAR,待联网审核,4A原子尚无正式映射；语义候选需验证版本、结构和年份,"2010 ""Chevrolet Silverado 3500"" ""Chevrolet Silverado 1500"" ""Pickup""",年份、Make、Model、版本、结构均与DIMENSION-ID语义一致,0.9231
Chevrolet Silverado 1500 Pickup 2009-2013 Extended 6.5,2010,Chevrolet,Silverado 1500,Chevrolet Silverado 1500,,Pickup,Extended,6.5,Chevrolet,Silverado 3500,4A全覆盖-MODEL_SIMILAR,待联网审核,4A原子尚无正式映射；语义候选需验证版本、结构和年份,"2010 ""Chevrolet Silverado 3500"" ""Chevrolet Silverado 1500"" ""Pickup""",年份、Make、Model、版本、结构均与DIMENSION-ID语义一致,0.9231
Ford F-350 Super Duty DRW Pickup 2008-2010 Crew 8,2010,Ford,F-350 Super Duty,Ford F-350 Super Duty,DRW,Pickup,Crew,8,Ford,E-350 Super Duty,4A全覆盖-MODEL_SIMILAR,待联网审核,4A原子尚无正式映射；语义候选需验证版本、结构和年份,"2010 ""Ford E-350 Super Duty"" ""Ford F-350 Super Duty"" ""DRW"" ""Pickup""",年份、Make、Model、版本、结构均与DIMENSION-ID语义一致,0.9231
Ford F-350 Super Duty DRW Pickup 2008-2010 Regular 8,2010,Ford,F-350 Super Duty,Ford F-350 Super Duty,DRW,Pickup,Regular,8,Ford,E-350 Super Duty,4A全覆盖-MODEL_SIMILAR,待联网审核,4A原子尚无正式映射；语义候选需验证版本、结构和年份,"2010 ""Ford E-350 Super Duty"" ""Ford F-350 Super Duty"" ""DRW"" ""Pickup""",年份、Make、Model、版本、结构均与DIMENSION-ID语义一致,0.9231
GMC Sierra 1500 Pickup 2007-2013 Crew 5.8,2010,GMC,Sierra 1500,GMC Sierra 1500,,Pickup,Crew,5.8,GMC,Sierra,4A全覆盖-MODEL_CONTAINS,待联网审核,4A原子尚无正式映射；语义候选需验证版本、结构和年份,"2010 ""GMC Sierra"" ""GMC Sierra 1500"" ""Pickup""",年份、Make、Model、版本、结构均与DIMENSION-ID语义一致,0.9000
GMC Sierra 1500 Pickup 2007-2013 Extended 6.6,2010,GMC,Sierra 1500,GMC Sierra 1500,,Pickup,Extended,6.6,GMC,Sierra,4A全覆盖-MODEL_CONTAINS,待联网审核,4A原子尚无正式映射；语义候选需验证版本、结构和年份,"2010 ""GMC Sierra"" ""GMC Sierra 1500"" ""Pickup""",年份、Make、Model、版本、结构均与DIMENSION-ID语义一致,0.9000
GMC Sierra 1500 Pickup 2007-2013 Extended 8,2010,GMC,Sierra 1500,GMC Sierra 1500,,Pickup,Extended,8,GMC,Sierra,4A全覆盖-MODEL_CONTAINS,待联网审核,4A原子尚无正式映射；语义候选需验证版本、结构和年份,"2010 ""GMC Sierra"" ""GMC Sierra 1500"" ""Pickup""",年份、Make、Model、版本、结构均与DIMENSION-ID语义一致,0.9000
GMC Sierra 1500 Pickup 2007-2013 Regular 6.6,2010,GMC,Sierra 1500,GMC Sierra 1500,,Pickup,Regular,6.6,GMC,Sierra,4A全覆盖-MODEL_CONTAINS,待联网审核,4A原子尚无正式映射；语义候选需验证版本、结构和年份,"2010 ""GMC Sierra"" ""GMC Sierra 1500"" ""Pickup""",年份、Make、Model、版本、结构均与DIMENSION-ID语义一致,0.9000
GMC Sierra 1500 Pickup 2007-2013 Regular 8,2010,GMC,Sierra 1500,GMC Sierra 1500,,Pickup,Regular,8,GMC,Sierra,4A全覆盖-MODEL_CONTAINS,待联网审核,4A原子尚无正式映射；语义候选需验证版本、结构和年份,"2010 ""GMC Sierra"" ""GMC Sierra 1500"" ""Pickup""",年份、Make、Model、版本、结构均与DIMENSION-ID语义一致,0.9000
Jaguar XK XKR Convertible 2007-2015,2010,Jaguar,XK,Jaguar XK,XKR,Convertible,,,Jaguar,XK,4A全覆盖-MODEL_EXACT,待联网审核,4A原子尚无正式映射；语义候选需验证版本、结构和年份,"2010 ""Jaguar XK"" ""Jaguar XK"" ""XKR"" ""Convertible""",年份、Make、Model、版本、结构均与DIMENSION-ID语义一致,1.0000
Jaguar XK XKR Coupe 2007-2015,2010,Jaguar,XK,Jaguar XK,XKR,Coupe,,,Jaguar,XK,4A全覆盖-MODEL_EXACT,待联网审核,4A原子尚无正式映射；语义候选需验证版本、结构和年份,"2010 ""Jaguar XK"" ""Jaguar XK"" ""XKR"" ""Coupe""",年份、Make、Model、版本、结构均与DIMENSION-ID语义一致,1.0000
Kia Rio Rio5 Hatchback 2006-2011,2010,Kia,Rio,Kia Rio,Rio5,Hatchback,,,Kia,Rio5,4A全覆盖-VERSION_EXACT,待联网审核,4A原子尚无正式映射；语义候选需验证版本、结构和年份,"2010 ""Kia Rio5"" ""Kia Rio"" ""Rio5"" ""Hatchback""",年份、Make、Model、版本、结构均与DIMENSION-ID语义一致,0.9900
BMW 1 Series Convertible 2008-2011,2011,BMW,1 Series,BMW 1 Series,,Convertible,,,BMW,1 Series M,4A全覆盖-MODEL_CONTAINS,待联网审核,4A原子尚无正式映射；语义候选需验证版本、结构和年份,"2011 ""BMW 1 Series M"" ""BMW 1 Series"" ""Convertible""",年份、Make、Model、版本、结构均与DIMENSION-ID语义一致,0.9000
BMW 1 Series Coupe 2008-2011,2011,BMW,1 Series,BMW 1 Series,,Coupe,,,BMW,1 Series M,4A全覆盖-MODEL_CONTAINS,待联网审核,4A原子尚无正式映射；语义候选需验证版本、结构和年份,"2011 ""BMW 1 Series M"" ""BMW 1 Series"" ""Coupe""",年份、Make、Model、版本、结构均与DIMENSION-ID语义一致,0.9000
Chevrolet Aveo Hatchback 2009-2011,2011,Chevrolet,Aveo,Chevrolet Aveo,,Hatchback,,,Chevrolet,Aveo5,4A全覆盖-MODEL_CONTAINS,待联网审核,4A原子尚无正式映射；语义候选需验证版本、结构和年份,"2011 ""Chevrolet Aveo5"" ""Chevrolet Aveo"" ""Hatchback""",年份、Make、Model、版本、结构均与DIMENSION-ID语义一致,0.9000
Chevrolet Aveo Sedan 2007-2011,2011,Chevrolet,Aveo,Chevrolet Aveo,,Sedan,,,Chevrolet,Aveo5,4A全覆盖-MODEL_CONTAINS,待联网审核,4A原子尚无正式映射；语义候选需验证版本、结构和年份,"2011 ""Chevrolet Aveo5"" ""Chevrolet Aveo"" ""Sedan""",年份、Make、Model、版本、结构均与DIMENSION-ID语义一致,0.9000
Chevrolet Silverado 1500 Pickup 2007-2013 Extended 8,2011,Chevrolet,Silverado 1500,Chevrolet Silverado 1500,,Pickup,Extended,8,Chevrolet,Silverado 2500,4A全覆盖-MODEL_SIMILAR,待联网审核,4A原子尚无正式映射；语义候选需验证版本、结构和年份,"2011 ""Chevrolet Silverado 2500"" ""Chevrolet Silverado 1500"" ""Pickup""",年份、Make、Model、版本、结构均与DIMENSION-ID语义一致,0.9231
Chevrolet Silverado 1500 Pickup 2007-2013 Regular 6.6,2011,Chevrolet,Silverado 1500,Chevrolet Silverado 1500,,Pickup,Regular,6.6,Chevrolet,Silverado 2500,4A全覆盖-MODEL_SIMILAR,待联网审核,4A原子尚无正式映射；语义候选需验证版本、结构和年份,"2011 ""Chevrolet Silverado 2500"" ""Chevrolet Silverado 1500"" ""Pickup""",年份、Make、Model、版本、结构均与DIMENSION-ID语义一致,0.9231
Chevrolet Silverado 1500 Pickup 2007-2013 Regular 8,2011,Chevrolet,Silverado 1500,Chevrolet Silverado 1500,,Pickup,Regular,8,Chevrolet,Silverado 2500,4A全覆盖-MODEL_SIMILAR,待联网审核,4A原子尚无正式映射；语义候选需验证版本、结构和年份,"2011 ""Chevrolet Silverado 2500"" ""Chevrolet Silverado 1500"" ""Pickup""",年份、Make、Model、版本、结构均与DIMENSION-ID语义一致,0.9231
Chevrolet Silverado 1500 Pickup 2009-2013 Crew 5.8,2011,Chevrolet,Silverado 1500,Chevrolet Silverado 1500,,Pickup,Crew,5.8,Chevrolet,Silverado 2500,4A全覆盖-MODEL_SIMILAR,待联网审核,4A原子尚无正式映射；语义候选需验证版本、结构和年份,"2011 ""Chevrolet Silverado 2500"" ""Chevrolet Silverado 1500"" ""Pickup""",年份、Make、Model、版本、结构均与DIMENSION-ID语义一致,0.9231
Chevrolet Silverado 1500 Pickup 2009-2013 Extended 6.5,2011,Chevrolet,Silverado 1500,Chevrolet Silverado 1500,,Pickup,Extended,6.5,Chevrolet,Silverado 2500,4A全覆盖-MODEL_SIMILAR,待联网审核,4A原子尚无正式映射；语义候选需验证版本、结构和年份,"2011 ""Chevrolet Silverado 2500"" ""Chevrolet Silverado 1500"" ""Pickup""",年份、Make、Model、版本、结构均与DIMENSION-ID语义一致,0.9231
Chevrolet Silverado 1500 Pickup 2007-2013 Extended 8,2011,Chevrolet,Silverado 1500,Chevrolet Silverado 1500,,Pickup,Extended,8,Chevrolet,Silverado 3500,4A全覆盖-MODEL_SIMILAR,待联网审核,4A原子尚无正式映射；语义候选需验证版本、结构和年份,"2011 ""Chevrolet Silverado 3500"" ""Chevrolet Silverado 1500"" ""Pickup""",年份、Make、Model、版本、结构均与DIMENSION-ID语义一致,0.9231
Chevrolet Silverado 1500 Pickup 2007-2013 Regular 6.6,2011,Chevrolet,Silverado 1500,Chevrolet Silverado 1500,,Pickup,Regular,6.6,Chevrolet,Silverado 3500,4A全覆盖-MODEL_SIMILAR,待联网审核,4A原子尚无正式映射；语义候选需验证版本、结构和年份,"2011 ""Chevrolet Silverado 3500"" ""Chevrolet Silverado 1500"" ""Pickup""",年份、Make、Model、版本、结构均与DIMENSION-ID语义一致,0.9231
Chevrolet Silverado 1500 Pickup 2007-2013 Regular 8,2011,Chevrolet,Silverado 1500,Chevrolet Silverado 1500,,Pickup,Regular,8,Chevrolet,Silverado 3500,4A全覆盖-MODEL_SIMILAR,待联网审核,4A原子尚无正式映射；语义候选需验证版本、结构和年份,"2011 ""Chevrolet Silverado 3500"" ""Chevrolet Silverado 1500"" ""Pickup""",年份、Make、Model、版本、结构均与DIMENSION-ID语义一致,0.9231
Chevrolet Silverado 1500 Pickup 2009-2013 Crew 5.8,2011,Chevrolet,Silverado 1500,Chevrolet Silverado 1500,,Pickup,Crew,5.8,Chevrolet,Silverado 3500,4A全覆盖-MODEL_SIMILAR,待联网审核,4A原子尚无正式映射；语义候选需验证版本、结构和年份,"2011 ""Chevrolet Silverado 3500"" ""Chevrolet Silverado 1500"" ""Pickup""",年份、Make、Model、版本、结构均与DIMENSION-ID语义一致,0.9231
Chevrolet Silverado 1500 Pickup 2009-2013 Extended 6.5,2011,Chevrolet,Silverado 1500,Chevrolet Silverado 1500,,Pickup,Extended,6.5,Chevrolet,Silverado 3500,4A全覆盖-MODEL_SIMILAR,待联网审核,4A原子尚无正式映射；语义候选需验证版本、结构和年份,"2011 ""Chevrolet Silverado 3500"" ""Chevrolet Silverado 1500"" ""Pickup""",年份、Make、Model、版本、结构均与DIMENSION-ID语义一致,0.9231
Ford F-350 Super Duty DRW Pickup 2011-2016 Crew 8,2011,Ford,F-350 Super Duty,Ford F-350 Super Duty,DRW,Pickup,Crew,8,Ford,E-350 Super Duty,4A全覆盖-MODEL_SIMILAR,待联网审核,4A原子尚无正式映射；语义候选需验证版本、结构和年份,"2011 ""Ford E-350 Super Duty"" ""Ford F-350 Super Duty"" ""DRW"" ""Pickup""",年份、Make、Model、版本、结构均与DIMENSION-ID语义一致,0.9231
Ford F-350 Super Duty DRW Pickup 2011-2016 Regular 8,2011,Ford,F-350 Super Duty,Ford F-350 Super Duty,DRW,Pickup,Regular,8,Ford,E-350 Super Duty,4A全覆盖-MODEL_SIMILAR,待联网审核,4A原子尚无正式映射；语义候选需验证版本、结构和年份,"2011 ""Ford E-350 Super Duty"" ""Ford F-350 Super Duty"" ""DRW"" ""Pickup""",年份、Make、Model、版本、结构均与DIMENSION-ID语义一致,0.9231
Ford F-250/F-350 Super Duty Pickup 2011-2016 Crew 6.8,2011,Ford,F-250/F-350 Super Duty,Ford F-250/F-350 Super Duty,,Pickup,Crew,6.8,Ford,F-350,4A全覆盖-MODEL_CONTAINS,待联网审核,4A原子尚无正式映射；语义候选需验证版本、结构和年份,"2011 ""Ford F-350"" ""Ford F-250/F-350 Super Duty"" ""Pickup""",年份、Make、Model、版本、结构均与DIMENSION-ID语义一致,0.9000
Ford F-250/F-350 Super Duty Pickup 2011-2016 Crew 8,2011,Ford,F-250/F-350 Super Duty,Ford F-250/F-350 Super Duty,,Pickup,Crew,8,Ford,F-350,4A全覆盖-MODEL_CONTAINS,待联网审核,4A原子尚无正式映射；语义候选需验证版本、结构和年份,"2011 ""Ford F-350"" ""Ford F-250/F-350 Super Duty"" ""Pickup""",年份、Make、Model、版本、结构均与DIMENSION-ID语义一致,0.9000
Ford F-250/F-350 Super Duty Pickup 2011-2016 Regular 8,2011,Ford,F-250/F-350 Super Duty,Ford F-250/F-350 Super Duty,,Pickup,Regular,8,Ford,F-350,4A全覆盖-MODEL_CONTAINS,待联网审核,4A原子尚无正式映射；语义候选需验证版本、结构和年份,"2011 ""Ford F-350"" ""Ford F-250/F-350 Super Duty"" ""Pickup""",年份、Make、Model、版本、结构均与DIMENSION-ID语义一致,0.9000
Ford F-250/F-350 Super Duty Pickup 2011-2016 SuperCab 6.8,2011,Ford,F-250/F-350 Super Duty,Ford F-250/F-350 Super Duty,,Pickup,SuperCab,6.8,Ford,F-350,4A全覆盖-MODEL_CONTAINS,待联网审核,4A原子尚无正式映射；语义候选需验证版本、结构和年份,"2011 ""Ford F-350"" ""Ford F-250/F-350 Super Duty"" ""Pickup""",年份、Make、Model、版本、结构均与DIMENSION-ID语义一致,0.9000
Ford F-250/F-350 Super Duty Pickup 2011-2016 SuperCab 8,2011,Ford,F-250/F-350 Super Duty,Ford F-250/F-350 Super Duty,,Pickup,SuperCab,8,Ford,F-350,4A全覆盖-MODEL_CONTAINS,待联网审核,4A原子尚无正式映射；语义候选需验证版本、结构和年份,"2011 ""Ford F-350"" ""Ford F-250/F-350 Super Duty"" ""Pickup""",年份、Make、Model、版本、结构均与DIMENSION-ID语义一致,0.9000
GMC Sierra 1500 Pickup 2007-2013 Crew 5.8,2011,GMC,Sierra 1500,GMC Sierra 1500,,Pickup,Crew,5.8,GMC,Sierra,4A全覆盖-MODEL_CONTAINS,待联网审核,4A原子尚无正式映射；语义候选需验证版本、结构和年份,"2011 ""GMC Sierra"" ""GMC Sierra 1500"" ""Pickup""",年份、Make、Model、版本、结构均与DIMENSION-ID语义一致,0.9000
GMC Sierra 1500 Pickup 2007-2013 Extended 6.6,2011,GMC,Sierra 1500,GMC Sierra 1500,,Pickup,Extended,6.6,GMC,Sierra,4A全覆盖-MODEL_CONTAINS,待联网审核,4A原子尚无正式映射；语义候选需验证版本、结构和年份,"2011 ""GMC Sierra"" ""GMC Sierra 1500"" ""Pickup""",年份、Make、Model、版本、结构均与DIMENSION-ID语义一致,0.9000
GMC Sierra 1500 Pickup 2007-2013 Extended 8,2011,GMC,Sierra 1500,GMC Sierra 1500,,Pickup,Extended,8,GMC,Sierra,4A全覆盖-MODEL_CONTAINS,待联网审核,4A原子尚无正式映射；语义候选需验证版本、结构和年份,"2011 ""GMC Sierra"" ""GMC Sierra 1500"" ""Pickup""",年份、Make、Model、版本、结构均与DIMENSION-ID语义一致,0.9000
GMC Sierra 1500 Pickup 2007-2013 Regular 6.6,2011,GMC,Sierra 1500,GMC Sierra 1500,,Pickup,Regular,6.6,GMC,Sierra,4A全覆盖-MODEL_CONTAINS,待联网审核,4A原子尚无正式映射；语义候选需验证版本、结构和年份,"2011 ""GMC Sierra"" ""GMC Sierra 1500"" ""Pickup""",年份、Make、Model、版本、结构均与DIMENSION-ID语义一致,0.9000
GMC Sierra 1500 Pickup 2007-2013 Regular 8,2011,GMC,Sierra 1500,GMC Sierra 1500,,Pickup,Regular,8,GMC,Sierra,4A全覆盖-MODEL_CONTAINS,待联网审核,4A原子尚无正式映射；语义候选需验证版本、结构和年份,"2011 ""GMC Sierra"" ""GMC Sierra 1500"" ""Pickup""",年份、Make、Model、版本、结构均与DIMENSION-ID语义一致,0.9000
Jaguar XK XKR Convertible 2007-2015,2011,Jaguar,XK,Jaguar XK,XKR,Convertible,,,Jaguar,XK,4A全覆盖-MODEL_EXACT,待联网审核,4A原子尚无正式映射；语义候选需验证版本、结构和年份,"2011 ""Jaguar XK"" ""Jaguar XK"" ""XKR"" ""Convertible""",年份、Make、Model、版本、结构均与DIMENSION-ID语义一致,1.0000
Jaguar XK XKR Coupe 2007-2015,2011,Jaguar,XK,Jaguar XK,XKR,Coupe,,,Jaguar,XK,4A全覆盖-MODEL_EXACT,待联网审核,4A原子尚无正式映射；语义候选需验证版本、结构和年份,"2011 ""Jaguar XK"" ""Jaguar XK"" ""XKR"" ""Coupe""",年份、Make、Model、版本、结构均与DIMENSION-ID语义一致,1.0000
Kia Rio Rio5 Hatchback 2006-2011,2011,Kia,Rio,Kia Rio,Rio5,Hatchback,,,Kia,Rio5,4A全覆盖-VERSION_EXACT,待联网审核,4A原子尚无正式映射；语义候选需验证版本、结构和年份,"2011 ""Kia Rio5"" ""Kia Rio"" ""Rio5"" ""Hatchback""",年份、Make、Model、版本、结构均与DIMENSION-ID语义一致,0.9900
Ram 2500/3500 Pickup 2010-2018 Crew 6.4,2011,Ram,2500/3500,Ram 2500/3500,,Pickup,Crew,6.4,Ram,2500,4A全覆盖-MODEL_COMPONENT_EXACT,待联网审核,4A原子尚无正式映射；语义候选需验证版本、结构和年份,"2011 ""Ram 2500"" ""Ram 2500/3500"" ""Pickup""",年份、Make、Model、版本、结构均与DIMENSION-ID语义一致,0.9700
Ram 2500/3500 Pickup 2010-2018 Crew 8,2011,Ram,2500/3500,Ram 2500/3500,,Pickup,Crew,8,Ram,2500,4A全覆盖-MODEL_COMPONENT_EXACT,待联网审核,4A原子尚无正式映射；语义候选需验证版本、结构和年份,"2011 ""Ram 2500"" ""Ram 2500/3500"" ""Pickup""",年份、Make、Model、版本、结构均与DIMENSION-ID语义一致,0.9700
Ram 2500/3500 Pickup 2010-2018 Mega 6.4,2011,Ram,2500/3500,Ram 2500/3500,,Pickup,Mega,6.4,Ram,2500,4A全覆盖-MODEL_COMPONENT_EXACT,待联网审核,4A原子尚无正式映射；语义候选需验证版本、结构和年份,"2011 ""Ram 2500"" ""Ram 2500/3500"" ""Pickup""",年份、Make、Model、版本、结构均与DIMENSION-ID语义一致,0.9700
Ram 2500/3500 Pickup 2010-2018 Regular 8,2011,Ram,2500/3500,Ram 2500/3500,,Pickup,Regular,8,Ram,2500,4A全覆盖-MODEL_COMPONENT_EXACT,待联网审核,4A原子尚无正式映射；语义候选需验证版本、结构和年份,"2011 ""Ram 2500"" ""Ram 2500/3500"" ""Pickup""",年份、Make、Model、版本、结构均与DIMENSION-ID语义一致,0.9700
Chevrolet Silverado 1500 Pickup 2007-2013 Extended 8,2012,Chevrolet,Silverado 1500,Chevrolet Silverado 1500,,Pickup,Extended,8,Chevrolet,Silverado 2500,4A全覆盖-MODEL_SIMILAR,待联网审核,4A原子尚无正式映射；语义候选需验证版本、结构和年份,"2012 ""Chevrolet Silverado 2500"" ""Chevrolet Silverado 1500"" ""Pickup""",年份、Make、Model、版本、结构均与DIMENSION-ID语义一致,0.9231
Chevrolet Silverado 1500 Pickup 2007-2013 Regular 6.6,2012,Chevrolet,Silverado 1500,Chevrolet Silverado 1500,,Pickup,Regular,6.6,Chevrolet,Silverado 2500,4A全覆盖-MODEL_SIMILAR,待联网审核,4A原子尚无正式映射；语义候选需验证版本、结构和年份,"2012 ""Chevrolet Silverado 2500"" ""Chevrolet Silverado 1500"" ""Pickup""",年份、Make、Model、版本、结构均与DIMENSION-ID语义一致,0.9231
Chevrolet Silverado 1500 Pickup 2007-2013 Regular 8,2012,Chevrolet,Silverado 1500,Chevrolet Silverado 1500,,Pickup,Regular,8,Chevrolet,Silverado 2500,4A全覆盖-MODEL_SIMILAR,待联网审核,4A原子尚无正式映射；语义候选需验证版本、结构和年份,"2012 ""Chevrolet Silverado 2500"" ""Chevrolet Silverado 1500"" ""Pickup""",年份、Make、Model、版本、结构均与DIMENSION-ID语义一致,0.9231
Chevrolet Silverado 1500 Pickup 2009-2013 Crew 5.8,2012,Chevrolet,Silverado 1500,Chevrolet Silverado 1500,,Pickup,Crew,5.8,Chevrolet,Silverado 2500,4A全覆盖-MODEL_SIMILAR,待联网审核,4A原子尚无正式映射；语义候选需验证版本、结构和年份,"2012 ""Chevrolet Silverado 2500"" ""Chevrolet Silverado 1500"" ""Pickup""",年份、Make、Model、版本、结构均与DIMENSION-ID语义一致,0.9231
Chevrolet Silverado 1500 Pickup 2009-2013 Extended 6.5,2012,Chevrolet,Silverado 1500,Chevrolet Silverado 1500,,Pickup,Extended,6.5,Chevrolet,Silverado 2500,4A全覆盖-MODEL_SIMILAR,待联网审核,4A原子尚无正式映射；语义候选需验证版本、结构和年份,"2012 ""Chevrolet Silverado 2500"" ""Chevrolet Silverado 1500"" ""Pickup""",年份、Make、Model、版本、结构均与DIMENSION-ID语义一致,0.9231
Chevrolet Silverado 1500 Pickup 2007-2013 Extended 8,2012,Chevrolet,Silverado 1500,Chevrolet Silverado 1500,,Pickup,Extended,8,Chevrolet,Silverado 3500,4A全覆盖-MODEL_SIMILAR,待联网审核,4A原子尚无正式映射；语义候选需验证版本、结构和年份,"2012 ""Chevrolet Silverado 3500"" ""Chevrolet Silverado 1500"" ""Pickup""",年份、Make、Model、版本、结构均与DIMENSION-ID语义一致,0.9231
Chevrolet Silverado 1500 Pickup 2007-2013 Regular 6.6,2012,Chevrolet,Silverado 1500,Chevrolet Silverado 1500,,Pickup,Regular,6.6,Chevrolet,Silverado 3500,4A全覆盖-MODEL_SIMILAR,待联网审核,4A原子尚无正式映射；语义候选需验证版本、结构和年份,"2012 ""Chevrolet Silverado 3500"" ""Chevrolet Silverado 1500"" ""Pickup""",年份、Make、Model、版本、结构均与DIMENSION-ID语义一致,0.9231
Chevrolet Silverado 1500 Pickup 2007-2013 Regular 8,2012,Chevrolet,Silverado 1500,Chevrolet Silverado 1500,,Pickup,Regular,8,Chevrolet,Silverado 3500,4A全覆盖-MODEL_SIMILAR,待联网审核,4A原子尚无正式映射；语义候选需验证版本、结构和年份,"2012 ""Chevrolet Silverado 3500"" ""Chevrolet Silverado 1500"" ""Pickup""",年份、Make、Model、版本、结构均与DIMENSION-ID语义一致,0.9231
Chevrolet Silverado 1500 Pickup 2009-2013 Crew 5.8,2012,Chevrolet,Silverado 1500,Chevrolet Silverado 1500,,Pickup,Crew,5.8,Chevrolet,Silverado 3500,4A全覆盖-MODEL_SIMILAR,待联网审核,4A原子尚无正式映射；语义候选需验证版本、结构和年份,"2012 ""Chevrolet Silverado 3500"" ""Chevrolet Silverado 1500"" ""Pickup""",年份、Make、Model、版本、结构均与DIMENSION-ID语义一致,0.9231
Chevrolet Silverado 1500 Pickup 2009-2013 Extended 6.5,2012,Chevrolet,Silverado 1500,Chevrolet Silverado 1500,,Pickup,Extended,6.5,Chevrolet,Silverado 3500,4A全覆盖-MODEL_SIMILAR,待联网审核,4A原子尚无正式映射；语义候选需验证版本、结构和年份,"2012 ""Chevrolet Silverado 3500"" ""Chevrolet Silverado 1500"" ""Pickup""",年份、Make、Model、版本、结构均与DIMENSION-ID语义一致,0.9231
Ford F-350 Super Duty DRW Pickup 2011-2016 Crew 8,2012,Ford,F-350 Super Duty,Ford F-350 Super Duty,DRW,Pickup,Crew,8,Ford,E-350 Super Duty,4A全覆盖-MODEL_SIMILAR,待联网审核,4A原子尚无正式映射；语义候选需验证版本、结构和年份,"2012 ""Ford E-350 Super Duty"" ""Ford F-350 Super Duty"" ""DRW"" ""Pickup""",年份、Make、Model、版本、结构均与DIMENSION-ID语义一致,0.9231
Ford F-350 Super Duty DRW Pickup 2011-2016 Regular 8,2012,Ford,F-350 Super Duty,Ford F-350 Super Duty,DRW,Pickup,Regular,8,Ford,E-350 Super Duty,4A全覆盖-MODEL_SIMILAR,待联网审核,4A原子尚无正式映射；语义候选需验证版本、结构和年份,"2012 ""Ford E-350 Super Duty"" ""Ford F-350 Super Duty"" ""DRW"" ""Pickup""",年份、Make、Model、版本、结构均与DIMENSION-ID语义一致,0.9231
Ford F-250/F-350 Super Duty Pickup 2011-2016 Crew 6.8,2012,Ford,F-250/F-350 Super Duty,Ford F-250/F-350 Super Duty,,Pickup,Crew,6.8,Ford,F-350,4A全覆盖-MODEL_CONTAINS,待联网审核,4A原子尚无正式映射；语义候选需验证版本、结构和年份,"2012 ""Ford F-350"" ""Ford F-250/F-350 Super Duty"" ""Pickup""",年份、Make、Model、版本、结构均与DIMENSION-ID语义一致,0.9000
Ford F-250/F-350 Super Duty Pickup 2011-2016 Crew 8,2012,Ford,F-250/F-350 Super Duty,Ford F-250/F-350 Super Duty,,Pickup,Crew,8,Ford,F-350,4A全覆盖-MODEL_CONTAINS,待联网审核,4A原子尚无正式映射；语义候选需验证版本、结构和年份,"2012 ""Ford F-350"" ""Ford F-250/F-350 Super Duty"" ""Pickup""",年份、Make、Model、版本、结构均与DIMENSION-ID语义一致,0.9000
Ford F-250/F-350 Super Duty Pickup 2011-2016 Regular 8,2012,Ford,F-250/F-350 Super Duty,Ford F-250/F-350 Super Duty,,Pickup,Regular,8,Ford,F-350,4A全覆盖-MODEL_CONTAINS,待联网审核,4A原子尚无正式映射；语义候选需验证版本、结构和年份,"2012 ""Ford F-350"" ""Ford F-250/F-350 Super Duty"" ""Pickup""",年份、Make、Model、版本、结构均与DIMENSION-ID语义一致,0.9000
Ford F-250/F-350 Super Duty Pickup 2011-2016 SuperCab 6.8,2012,Ford,F-250/F-350 Super Duty,Ford F-250/F-350 Super Duty,,Pickup,SuperCab,6.8,Ford,F-350,4A全覆盖-MODEL_CONTAINS,待联网审核,4A原子尚无正式映射；语义候选需验证版本、结构和年份,"2012 ""Ford F-350"" ""Ford F-250/F-350 Super Duty"" ""Pickup""",年份、Make、Model、版本、结构均与DIMENSION-ID语义一致,0.9000
Ford F-250/F-350 Super Duty Pickup 2011-2016 SuperCab 8,2012,Ford,F-250/F-350 Super Duty,Ford F-250/F-350 Super Duty,,Pickup,SuperCab,8,Ford,F-350,4A全覆盖-MODEL_CONTAINS,待联网审核,4A原子尚无正式映射；语义候选需验证版本、结构和年份,"2012 ""Ford F-350"" ""Ford F-250/F-350 Super Duty"" ""Pickup""",年份、Make、Model、版本、结构均与DIMENSION-ID语义一致,0.9000
GMC Sierra 1500 Pickup 2007-2013 Crew 5.8,2012,GMC,Sierra 1500,GMC Sierra 1500,,Pickup,Crew,5.8,GMC,Sierra,4A全覆盖-MODEL_CONTAINS,待联网审核,4A原子尚无正式映射；语义候选需验证版本、结构和年份,"2012 ""GMC Sierra"" ""GMC Sierra 1500"" ""Pickup""",年份、Make、Model、版本、结构均与DIMENSION-ID语义一致,0.9000
GMC Sierra 1500 Pickup 2007-2013 Extended 6.6,2012,GMC,Sierra 1500,GMC Sierra 1500,,Pickup,Extended,6.6,GMC,Sierra,4A全覆盖-MODEL_CONTAINS,待联网审核,4A原子尚无正式映射；语义候选需验证版本、结构和年份,"2012 ""GMC Sierra"" ""GMC Sierra 1500"" ""Pickup""",年份、Make、Model、版本、结构均与DIMENSION-ID语义一致,0.9000
GMC Sierra 1500 Pickup 2007-2013 Extended 8,2012,GMC,Sierra 1500,GMC Sierra 1500,,Pickup,Extended,8,GMC,Sierra,4A全覆盖-MODEL_CONTAINS,待联网审核,4A原子尚无正式映射；语义候选需验证版本、结构和年份,"2012 ""GMC Sierra"" ""GMC Sierra 1500"" ""Pickup""",年份、Make、Model、版本、结构均与DIMENSION-ID语义一致,0.9000
GMC Sierra 1500 Pickup 2007-2013 Regular 6.6,2012,GMC,Sierra 1500,GMC Sierra 1500,,Pickup,Regular,6.6,GMC,Sierra,4A全覆盖-MODEL_CONTAINS,待联网审核,4A原子尚无正式映射；语义候选需验证版本、结构和年份,"2012 ""GMC Sierra"" ""GMC Sierra 1500"" ""Pickup""",年份、Make、Model、版本、结构均与DIMENSION-ID语义一致,0.9000
GMC Sierra 1500 Pickup 2007-2013 Regular 8,2012,GMC,Sierra 1500,GMC Sierra 1500,,Pickup,Regular,8,GMC,Sierra,4A全覆盖-MODEL_CONTAINS,待联网审核,4A原子尚无正式映射；语义候选需验证版本、结构和年份,"2012 ""GMC Sierra"" ""GMC Sierra 1500"" ""Pickup""",年份、Make、Model、版本、结构均与DIMENSION-ID语义一致,0.9000
Jaguar XK XKR-S Convertible 2012-2014,2012,Jaguar,XK,Jaguar XK,XKR-S,Convertible,,,Jaguar,XKR-S,4A全覆盖-VERSION_EXACT,待联网审核,4A原子尚无正式映射；语义候选需验证版本、结构和年份,"2012 ""Jaguar XKR-S"" ""Jaguar XK"" ""XKR-S"" ""Convertible""",年份、Make、Model、版本、结构均与DIMENSION-ID语义一致,0.9900
Jaguar XK XKR-S Coupe 2012-2014,2012,Jaguar,XK,Jaguar XK,XKR-S,Coupe,,,Jaguar,XKR-S,4A全覆盖-VERSION_EXACT,待联网审核,4A原子尚无正式映射；语义候选需验证版本、结构和年份,"2012 ""Jaguar XKR-S"" ""Jaguar XK"" ""XKR-S"" ""Coupe""",年份、Make、Model、版本、结构均与DIMENSION-ID语义一致,0.9900
Kia Forte Coupe 2010-2013,2012,Kia,Forte,Kia Forte,,Coupe,,,Kia,Forte5,4A全覆盖-MODEL_CONTAINS,待联网审核,4A原子尚无正式映射；语义候选需验证版本、结构和年份,"2012 ""Kia Forte5"" ""Kia Forte"" ""Coupe""",年份、Make、Model、版本、结构均与DIMENSION-ID语义一致,0.9000
Kia Forte Sedan 2010-2013,2012,Kia,Forte,Kia Forte,,Sedan,,,Kia,Forte5,4A全覆盖-MODEL_CONTAINS,待联网审核,4A原子尚无正式映射；语义候选需验证版本、结构和年份,"2012 ""Kia Forte5"" ""Kia Forte"" ""Sedan""",年份、Make、Model、版本、结构均与DIMENSION-ID语义一致,0.9000
Ram 2500/3500 Pickup 2010-2018 Crew 6.4,2012,Ram,2500/3500,Ram 2500/3500,,Pickup,Crew,6.4,Ram,2500,4A全覆盖-MODEL_COMPONENT_EXACT,待联网审核,4A原子尚无正式映射；语义候选需验证版本、结构和年份,"2012 ""Ram 2500"" ""Ram 2500/3500"" ""Pickup""",年份、Make、Model、版本、结构均与DIMENSION-ID语义一致,0.9700
Ram 2500/3500 Pickup 2010-2018 Crew 8,2012,Ram,2500/3500,Ram 2500/3500,,Pickup,Crew,8,Ram,2500,4A全覆盖-MODEL_COMPONENT_EXACT,待联网审核,4A原子尚无正式映射；语义候选需验证版本、结构和年份,"2012 ""Ram 2500"" ""Ram 2500/3500"" ""Pickup""",年份、Make、Model、版本、结构均与DIMENSION-ID语义一致,0.9700
Ram 2500/3500 Pickup 2010-2018 Mega 6.4,2012,Ram,2500/3500,Ram 2500/3500,,Pickup,Mega,6.4,Ram,2500,4A全覆盖-MODEL_COMPONENT_EXACT,待联网审核,4A原子尚无正式映射；语义候选需验证版本、结构和年份,"2012 ""Ram 2500"" ""Ram 2500/3500"" ""Pickup""",年份、Make、Model、版本、结构均与DIMENSION-ID语义一致,0.9700
Ram 2500/3500 Pickup 2010-2018 Regular 8,2012,Ram,2500/3500,Ram 2500/3500,,Pickup,Regular,8,Ram,2500,4A全覆盖-MODEL_COMPONENT_EXACT,待联网审核,4A原子尚无正式映射；语义候选需验证版本、结构和年份,"2012 ""Ram 2500"" ""Ram 2500/3500"" ""Pickup""",年份、Make、Model、版本、结构均与DIMENSION-ID语义一致,0.9700
Chevrolet Silverado 1500 Pickup 2007-2013 Extended 8,2013,Chevrolet,Silverado 1500,Chevrolet Silverado 1500,,Pickup,Extended,8,Chevrolet,Silverado 2500,4A全覆盖-MODEL_SIMILAR,待联网审核,4A原子尚无正式映射；语义候选需验证版本、结构和年份,"2013 ""Chevrolet Silverado 2500"" ""Chevrolet Silverado 1500"" ""Pickup""",年份、Make、Model、版本、结构均与DIMENSION-ID语义一致,0.9231
Chevrolet Silverado 1500 Pickup 2007-2013 Regular 6.6,2013,Chevrolet,Silverado 1500,Chevrolet Silverado 1500,,Pickup,Regular,6.6,Chevrolet,Silverado 2500,4A全覆盖-MODEL_SIMILAR,待联网审核,4A原子尚无正式映射；语义候选需验证版本、结构和年份,"2013 ""Chevrolet Silverado 2500"" ""Chevrolet Silverado 1500"" ""Pickup""",年份、Make、Model、版本、结构均与DIMENSION-ID语义一致,0.9231
Chevrolet Silverado 1500 Pickup 2007-2013 Regular 8,2013,Chevrolet,Silverado 1500,Chevrolet Silverado 1500,,Pickup,Regular,8,Chevrolet,Silverado 2500,4A全覆盖-MODEL_SIMILAR,待联网审核,4A原子尚无正式映射；语义候选需验证版本、结构和年份,"2013 ""Chevrolet Silverado 2500"" ""Chevrolet Silverado 1500"" ""Pickup""",年份、Make、Model、版本、结构均与DIMENSION-ID语义一致,0.9231
Chevrolet Silverado 1500 Pickup 2009-2013 Crew 5.8,2013,Chevrolet,Silverado 1500,Chevrolet Silverado 1500,,Pickup,Crew,5.8,Chevrolet,Silverado 2500,4A全覆盖-MODEL_SIMILAR,待联网审核,4A原子尚无正式映射；语义候选需验证版本、结构和年份,"2013 ""Chevrolet Silverado 2500"" ""Chevrolet Silverado 1500"" ""Pickup""",年份、Make、Model、版本、结构均与DIMENSION-ID语义一致,0.9231
Chevrolet Silverado 1500 Pickup 2009-2013 Extended 6.5,2013,Chevrolet,Silverado 1500,Chevrolet Silverado 1500,,Pickup,Extended,6.5,Chevrolet,Silverado 2500,4A全覆盖-MODEL_SIMILAR,待联网审核,4A原子尚无正式映射；语义候选需验证版本、结构和年份,"2013 ""Chevrolet Silverado 2500"" ""Chevrolet Silverado 1500"" ""Pickup""",年份、Make、Model、版本、结构均与DIMENSION-ID语义一致,0.9231
Chevrolet Silverado 1500 Pickup 2007-2013 Extended 8,2013,Chevrolet,Silverado 1500,Chevrolet Silverado 1500,,Pickup,Extended,8,Chevrolet,Silverado 3500,4A全覆盖-MODEL_SIMILAR,待联网审核,4A原子尚无正式映射；语义候选需验证版本、结构和年份,"2013 ""Chevrolet Silverado 3500"" ""Chevrolet Silverado 1500"" ""Pickup""",年份、Make、Model、版本、结构均与DIMENSION-ID语义一致,0.9231
Chevrolet Silverado 1500 Pickup 2007-2013 Regular 6.6,2013,Chevrolet,Silverado 1500,Chevrolet Silverado 1500,,Pickup,Regular,6.6,Chevrolet,Silverado 3500,4A全覆盖-MODEL_SIMILAR,待联网审核,4A原子尚无正式映射；语义候选需验证版本、结构和年份,"2013 ""Chevrolet Silverado 3500"" ""Chevrolet Silverado 1500"" ""Pickup""",年份、Make、Model、版本、结构均与DIMENSION-ID语义一致,0.9231
Chevrolet Silverado 1500 Pickup 2007-2013 Regular 8,2013,Chevrolet,Silverado 1500,Chevrolet Silverado 1500,,Pickup,Regular,8,Chevrolet,Silverado 3500,4A全覆盖-MODEL_SIMILAR,待联网审核,4A原子尚无正式映射；语义候选需验证版本、结构和年份,"2013 ""Chevrolet Silverado 3500"" ""Chevrolet Silverado 1500"" ""Pickup""",年份、Make、Model、版本、结构均与DIMENSION-ID语义一致,0.9231
Chevrolet Silverado 1500 Pickup 2009-2013 Crew 5.8,2013,Chevrolet,Silverado 1500,Chevrolet Silverado 1500,,Pickup,Crew,5.8,Chevrolet,Silverado 3500,4A全覆盖-MODEL_SIMILAR,待联网审核,4A原子尚无正式映射；语义候选需验证版本、结构和年份,"2013 ""Chevrolet Silverado 3500"" ""Chevrolet Silverado 1500"" ""Pickup""",年份、Make、Model、版本、结构均与DIMENSION-ID语义一致,0.9231
Chevrolet Silverado 1500 Pickup 2009-2013 Extended 6.5,2013,Chevrolet,Silverado 1500,Chevrolet Silverado 1500,,Pickup,Extended,6.5,Chevrolet,Silverado 3500,4A全覆盖-MODEL_SIMILAR,待联网审核,4A原子尚无正式映射；语义候选需验证版本、结构和年份,"2013 ""Chevrolet Silverado 3500"" ""Chevrolet Silverado 1500"" ""Pickup""",年份、Make、Model、版本、结构均与DIMENSION-ID语义一致,0.9231
Ford F-350 Super Duty DRW Pickup 2011-2016 Crew 8,2013,Ford,F-350 Super Duty,Ford F-350 Super Duty,DRW,Pickup,Crew,8,Ford,E-350 Super Duty,4A全覆盖-MODEL_SIMILAR,待联网审核,4A原子尚无正式映射；语义候选需验证版本、结构和年份,"2013 ""Ford E-350 Super Duty"" ""Ford F-350 Super Duty"" ""DRW"" ""Pickup""",年份、Make、Model、版本、结构均与DIMENSION-ID语义一致,0.9231
Ford F-350 Super Duty DRW Pickup 2011-2016 Regular 8,2013,Ford,F-350 Super Duty,Ford F-350 Super Duty,DRW,Pickup,Regular,8,Ford,E-350 Super Duty,4A全覆盖-MODEL_SIMILAR,待联网审核,4A原子尚无正式映射；语义候选需验证版本、结构和年份,"2013 ""Ford E-350 Super Duty"" ""Ford F-350 Super Duty"" ""DRW"" ""Pickup""",年份、Make、Model、版本、结构均与DIMENSION-ID语义一致,0.9231
Ford F-250/F-350 Super Duty Pickup 2011-2016 Crew 6.8,2013,Ford,F-250/F-350 Super Duty,Ford F-250/F-350 Super Duty,,Pickup,Crew,6.8,Ford,F-350,4A全覆盖-MODEL_CONTAINS,待联网审核,4A原子尚无正式映射；语义候选需验证版本、结构和年份,"2013 ""Ford F-350"" ""Ford F-250/F-350 Super Duty"" ""Pickup""",年份、Make、Model、版本、结构均与DIMENSION-ID语义一致,0.9000
Ford F-250/F-350 Super Duty Pickup 2011-2016 Crew 8,2013,Ford,F-250/F-350 Super Duty,Ford F-250/F-350 Super Duty,,Pickup,Crew,8,Ford,F-350,4A全覆盖-MODEL_CONTAINS,待联网审核,4A原子尚无正式映射；语义候选需验证版本、结构和年份,"2013 ""Ford F-350"" ""Ford F-250/F-350 Super Duty"" ""Pickup""",年份、Make、Model、版本、结构均与DIMENSION-ID语义一致,0.9000
Ford F-250/F-350 Super Duty Pickup 2011-2016 Regular 8,2013,Ford,F-250/F-350 Super Duty,Ford F-250/F-350 Super Duty,,Pickup,Regular,8,Ford,F-350,4A全覆盖-MODEL_CONTAINS,待联网审核,4A原子尚无正式映射；语义候选需验证版本、结构和年份,"2013 ""Ford F-350"" ""Ford F-250/F-350 Super Duty"" ""Pickup""",年份、Make、Model、版本、结构均与DIMENSION-ID语义一致,0.9000
Ford F-250/F-350 Super Duty Pickup 2011-2016 SuperCab 6.8,2013,Ford,F-250/F-350 Super Duty,Ford F-250/F-350 Super Duty,,Pickup,SuperCab,6.8,Ford,F-350,4A全覆盖-MODEL_CONTAINS,待联网审核,4A原子尚无正式映射；语义候选需验证版本、结构和年份,"2013 ""Ford F-350"" ""Ford F-250/F-350 Super Duty"" ""Pickup""",年份、Make、Model、版本、结构均与DIMENSION-ID语义一致,0.9000
Ford F-250/F-350 Super Duty Pickup 2011-2016 SuperCab 8,2013,Ford,F-250/F-350 Super Duty,Ford F-250/F-350 Super Duty,,Pickup,SuperCab,8,Ford,F-350,4A全覆盖-MODEL_CONTAINS,待联网审核,4A原子尚无正式映射；语义候选需验证版本、结构和年份,"2013 ""Ford F-350"" ""Ford F-250/F-350 Super Duty"" ""Pickup""",年份、Make、Model、版本、结构均与DIMENSION-ID语义一致,0.9000
GMC Sierra 1500 Pickup 2007-2013 Crew 5.8,2013,GMC,Sierra 1500,GMC Sierra 1500,,Pickup,Crew,5.8,GMC,Sierra,4A全覆盖-MODEL_CONTAINS,待联网审核,4A原子尚无正式映射；语义候选需验证版本、结构和年份,"2013 ""GMC Sierra"" ""GMC Sierra 1500"" ""Pickup""",年份、Make、Model、版本、结构均与DIMENSION-ID语义一致,0.9000
GMC Sierra 1500 Pickup 2007-2013 Extended 6.6,2013,GMC,Sierra 1500,GMC Sierra 1500,,Pickup,Extended,6.6,GMC,Sierra,4A全覆盖-MODEL_CONTAINS,待联网审核,4A原子尚无正式映射；语义候选需验证版本、结构和年份,"2013 ""GMC Sierra"" ""GMC Sierra 1500"" ""Pickup""",年份、Make、Model、版本、结构均与DIMENSION-ID语义一致,0.9000
GMC Sierra 1500 Pickup 2007-2013 Extended 8,2013,GMC,Sierra 1500,GMC Sierra 1500,,Pickup,Extended,8,GMC,Sierra,4A全覆盖-MODEL_CONTAINS,待联网审核,4A原子尚无正式映射；语义候选需验证版本、结构和年份,"2013 ""GMC Sierra"" ""GMC Sierra 1500"" ""Pickup""",年份、Make、Model、版本、结构均与DIMENSION-ID语义一致,0.9000
GMC Sierra 1500 Pickup 2007-2013 Regular 6.6,2013,GMC,Sierra 1500,GMC Sierra 1500,,Pickup,Regular,6.6,GMC,Sierra,4A全覆盖-MODEL_CONTAINS,待联网审核,4A原子尚无正式映射；语义候选需验证版本、结构和年份,"2013 ""GMC Sierra"" ""GMC Sierra 1500"" ""Pickup""",年份、Make、Model、版本、结构均与DIMENSION-ID语义一致,0.9000
GMC Sierra 1500 Pickup 2007-2013 Regular 8,2013,GMC,Sierra 1500,GMC Sierra 1500,,Pickup,Regular,8,GMC,Sierra,4A全覆盖-MODEL_CONTAINS,待联网审核,4A原子尚无正式映射；语义候选需验证版本、结构和年份,"2013 ""GMC Sierra"" ""GMC Sierra 1500"" ""Pickup""",年份、Make、Model、版本、结构均与DIMENSION-ID语义一致,0.9000
Jaguar XK XKR-S Convertible 2012-2014,2013,Jaguar,XK,Jaguar XK,XKR-S,Convertible,,,Jaguar,XKR-S,4A全覆盖-VERSION_EXACT,待联网审核,4A原子尚无正式映射；语义候选需验证版本、结构和年份,"2013 ""Jaguar XKR-S"" ""Jaguar XK"" ""XKR-S"" ""Convertible""",年份、Make、Model、版本、结构均与DIMENSION-ID语义一致,0.9900
Jaguar XK XKR-S Coupe 2012-2014,2013,Jaguar,XK,Jaguar XK,XKR-S,Coupe,,,Jaguar,XKR-S,4A全覆盖-VERSION_EXACT,待联网审核,4A原子尚无正式映射；语义候选需验证版本、结构和年份,"2013 ""Jaguar XKR-S"" ""Jaguar XK"" ""XKR-S"" ""Coupe""",年份、Make、Model、版本、结构均与DIMENSION-ID语义一致,0.9900
Kia Forte Coupe 2010-2013,2013,Kia,Forte,Kia Forte,,Coupe,,,Kia,Forte5,4A全覆盖-MODEL_CONTAINS,待联网审核,4A原子尚无正式映射；语义候选需验证版本、结构和年份,"2013 ""Kia Forte5"" ""Kia Forte"" ""Coupe""",年份、Make、Model、版本、结构均与DIMENSION-ID语义一致,0.9000
Kia Forte Sedan 2010-2013,2013,Kia,Forte,Kia Forte,,Sedan,,,Kia,Forte5,4A全覆盖-MODEL_CONTAINS,待联网审核,4A原子尚无正式映射；语义候选需验证版本、结构和年份,"2013 ""Kia Forte5"" ""Kia Forte"" ""Sedan""",年份、Make、Model、版本、结构均与DIMENSION-ID语义一致,0.9000
Ram 2500/3500 Pickup 2010-2018 Crew 6.4,2013,Ram,2500/3500,Ram 2500/3500,,Pickup,Crew,6.4,Ram,2500,4A全覆盖-MODEL_COMPONENT_EXACT,待联网审核,4A原子尚无正式映射；语义候选需验证版本、结构和年份,"2013 ""Ram 2500"" ""Ram 2500/3500"" ""Pickup""",年份、Make、Model、版本、结构均与DIMENSION-ID语义一致,0.9700
Ram 2500/3500 Pickup 2010-2018 Crew 8,2013,Ram,2500/3500,Ram 2500/3500,,Pickup,Crew,8,Ram,2500,4A全覆盖-MODEL_COMPONENT_EXACT,待联网审核,4A原子尚无正式映射；语义候选需验证版本、结构和年份,"2013 ""Ram 2500"" ""Ram 2500/3500"" ""Pickup""",年份、Make、Model、版本、结构均与DIMENSION-ID语义一致,0.9700
Ram 2500/3500 Pickup 2010-2018 Mega 6.4,2013,Ram,2500/3500,Ram 2500/3500,,Pickup,Mega,6.4,Ram,2500,4A全覆盖-MODEL_COMPONENT_EXACT,待联网审核,4A原子尚无正式映射；语义候选需验证版本、结构和年份,"2013 ""Ram 2500"" ""Ram 2500/3500"" ""Pickup""",年份、Make、Model、版本、结构均与DIMENSION-ID语义一致,0.9700
Ram 2500/3500 Pickup 2010-2018 Regular 8,2013,Ram,2500/3500,Ram 2500/3500,,Pickup,Regular,8,Ram,2500,4A全覆盖-MODEL_COMPONENT_EXACT,待联网审核,4A原子尚无正式映射；语义候选需验证版本、结构和年份,"2013 ""Ram 2500"" ""Ram 2500/3500"" ""Pickup""",年份、Make、Model、版本、结构均与DIMENSION-ID语义一致,0.9700
Chevrolet Silverado 1500 Pickup 2014-2018 Crew 5.8,2014,Chevrolet,Silverado 1500,Chevrolet Silverado 1500,,Pickup,Crew,5.8,Chevrolet,Silverado 2500,4A全覆盖-MODEL_SIMILAR,待联网审核,4A原子尚无正式映射；语义候选需验证版本、结构和年份,"2014 ""Chevrolet Silverado 2500"" ""Chevrolet Silverado 1500"" ""Pickup""",年份、Make、Model、版本、结构均与DIMENSION-ID语义一致,0.9231
Chevrolet Silverado 1500 Pickup 2014-2018 Double 6.6,2014,Chevrolet,Silverado 1500,Chevrolet Silverado 1500,,Pickup,Double,6.6,Chevrolet,Silverado 2500,4A全覆盖-MODEL_SIMILAR,待联网审核,4A原子尚无正式映射；语义候选需验证版本、结构和年份,"2014 ""Chevrolet Silverado 2500"" ""Chevrolet Silverado 1500"" ""Pickup""",年份、Make、Model、版本、结构均与DIMENSION-ID语义一致,0.9231
Chevrolet Silverado 1500 Pickup 2014-2018 Regular 6.6,2014,Chevrolet,Silverado 1500,Chevrolet Silverado 1500,,Pickup,Regular,6.6,Chevrolet,Silverado 2500,4A全覆盖-MODEL_SIMILAR,待联网审核,4A原子尚无正式映射；语义候选需验证版本、结构和年份,"2014 ""Chevrolet Silverado 2500"" ""Chevrolet Silverado 1500"" ""Pickup""",年份、Make、Model、版本、结构均与DIMENSION-ID语义一致,0.9231
Chevrolet Silverado 1500 Pickup 2014-2018 Regular 8,2014,Chevrolet,Silverado 1500,Chevrolet Silverado 1500,,Pickup,Regular,8,Chevrolet,Silverado 2500,4A全覆盖-MODEL_SIMILAR,待联网审核,4A原子尚无正式映射；语义候选需验证版本、结构和年份,"2014 ""Chevrolet Silverado 2500"" ""Chevrolet Silverado 1500"" ""Pickup""",年份、Make、Model、版本、结构均与DIMENSION-ID语义一致,0.9231
Chevrolet Silverado 2500HD/3500HD Pickup 2008-2014 Crew 8,2014,Chevrolet,Silverado 2500HD/3500HD,Chevrolet Silverado 2500HD/3500HD,,Pickup,Crew,8,Chevrolet,Silverado 2500,4A全覆盖-MODEL_CONTAINS,待联网审核,4A原子尚无正式映射；语义候选需验证版本、结构和年份,"2014 ""Chevrolet Silverado 2500"" ""Chevrolet Silverado 2500HD/3500HD"" ""Pickup""",年份、Make、Model、版本、结构均与DIMENSION-ID语义一致,0.9000
Ford F-350 Super Duty DRW Pickup 2011-2016 Crew 8,2014,Ford,F-350 Super Duty,Ford F-350 Super Duty,DRW,Pickup,Crew,8,Ford,E-350 Super Duty,4A全覆盖-MODEL_SIMILAR,待联网审核,4A原子尚无正式映射；语义候选需验证版本、结构和年份,"2014 ""Ford E-350 Super Duty"" ""Ford F-350 Super Duty"" ""DRW"" ""Pickup""",年份、Make、Model、版本、结构均与DIMENSION-ID语义一致,0.9231
Ford F-350 Super Duty DRW Pickup 2011-2016 Regular 8,2014,Ford,F-350 Super Duty,Ford F-350 Super Duty,DRW,Pickup,Regular,8,Ford,E-350 Super Duty,4A全覆盖-MODEL_SIMILAR,待联网审核,4A原子尚无正式映射；语义候选需验证版本、结构和年份,"2014 ""Ford E-350 Super Duty"" ""Ford F-350 Super Duty"" ""DRW"" ""Pickup""",年份、Make、Model、版本、结构均与DIMENSION-ID语义一致,0.9231
Ford F-250/F-350 Super Duty Pickup 2011-2016 Crew 6.8,2014,Ford,F-250/F-350 Super Duty,Ford F-250/F-350 Super Duty,,Pickup,Crew,6.8,Ford,F-350,4A全覆盖-MODEL_CONTAINS,待联网审核,4A原子尚无正式映射；语义候选需验证版本、结构和年份,"2014 ""Ford F-350"" ""Ford F-250/F-350 Super Duty"" ""Pickup""",年份、Make、Model、版本、结构均与DIMENSION-ID语义一致,0.9000
Ford F-250/F-350 Super Duty Pickup 2011-2016 Crew 8,2014,Ford,F-250/F-350 Super Duty,Ford F-250/F-350 Super Duty,,Pickup,Crew,8,Ford,F-350,4A全覆盖-MODEL_CONTAINS,待联网审核,4A原子尚无正式映射；语义候选需验证版本、结构和年份,"2014 ""Ford F-350"" ""Ford F-250/F-350 Super Duty"" ""Pickup""",年份、Make、Model、版本、结构均与DIMENSION-ID语义一致,0.9000
Ford F-250/F-350 Super Duty Pickup 2011-2016 Regular 8,2014,Ford,F-250/F-350 Super Duty,Ford F-250/F-350 Super Duty,,Pickup,Regular,8,Ford,F-350,4A全覆盖-MODEL_CONTAINS,待联网审核,4A原子尚无正式映射；语义候选需验证版本、结构和年份,"2014 ""Ford F-350"" ""Ford F-250/F-350 Super Duty"" ""Pickup""",年份、Make、Model、版本、结构均与DIMENSION-ID语义一致,0.9000
Ford F-250/F-350 Super Duty Pickup 2011-2016 SuperCab 6.8,2014,Ford,F-250/F-350 Super Duty,Ford F-250/F-350 Super Duty,,Pickup,SuperCab,6.8,Ford,F-350,4A全覆盖-MODEL_CONTAINS,待联网审核,4A原子尚无正式映射；语义候选需验证版本、结构和年份,"2014 ""Ford F-350"" ""Ford F-250/F-350 Super Duty"" ""Pickup""",年份、Make、Model、版本、结构均与DIMENSION-ID语义一致,0.9000
Ford F-250/F-350 Super Duty Pickup 2011-2016 SuperCab 8,2014,Ford,F-250/F-350 Super Duty,Ford F-250/F-350 Super Duty,,Pickup,SuperCab,8,Ford,F-350,4A全覆盖-MODEL_CONTAINS,待联网审核,4A原子尚无正式映射；语义候选需验证版本、结构和年份,"2014 ""Ford F-350"" ""Ford F-250/F-350 Super Duty"" ""Pickup""",年份、Make、Model、版本、结构均与DIMENSION-ID语义一致,0.9000
GMC Sierra 1500 Pickup 2014-2018 Crew 5.8,2014,GMC,Sierra 1500,GMC Sierra 1500,,Pickup,Crew,5.8,GMC,Sierra,4A全覆盖-MODEL_CONTAINS,待联网审核,4A原子尚无正式映射；语义候选需验证版本、结构和年份,"2014 ""GMC Sierra"" ""GMC Sierra 1500"" ""Pickup""",年份、Make、Model、版本、结构均与DIMENSION-ID语义一致,0.9000
GMC Sierra 1500 Pickup 2014-2018 Double 6.6,2014,GMC,Sierra 1500,GMC Sierra 1500,,Pickup,Double,6.6,GMC,Sierra,4A全覆盖-MODEL_CONTAINS,待联网审核,4A原子尚无正式映射；语义候选需验证版本、结构和年份,"2014 ""GMC Sierra"" ""GMC Sierra 1500"" ""Pickup""",年份、Make、Model、版本、结构均与DIMENSION-ID语义一致,0.9000
GMC Sierra 1500 Pickup 2014-2018 Regular 6.6,2014,GMC,Sierra 1500,GMC Sierra 1500,,Pickup,Regular,6.6,GMC,Sierra,4A全覆盖-MODEL_CONTAINS,待联网审核,4A原子尚无正式映射；语义候选需验证版本、结构和年份,"2014 ""GMC Sierra"" ""GMC Sierra 1500"" ""Pickup""",年份、Make、Model、版本、结构均与DIMENSION-ID语义一致,0.9000
GMC Sierra 1500 Pickup 2014-2018 Regular 8,2014,GMC,Sierra 1500,GMC Sierra 1500,,Pickup,Regular,8,GMC,Sierra,4A全覆盖-MODEL_CONTAINS,待联网审核,4A原子尚无正式映射；语义候选需验证版本、结构和年份,"2014 ""GMC Sierra"" ""GMC Sierra 1500"" ""Pickup""",年份、Make、Model、版本、结构均与DIMENSION-ID语义一致,0.9000
GMC Sierra 2500HD/3500HD DRW Pickup 2008-2014 Crew 8,2014,GMC,Sierra 2500HD/3500HD,GMC Sierra 2500HD/3500HD,DRW,Pickup,Crew,8,GMC,Sierra,4A全覆盖-MODEL_CONTAINS,待联网审核,4A原子尚无正式映射；语义候选需验证版本、结构和年份,"2014 ""GMC Sierra"" ""GMC Sierra 2500HD/3500HD"" ""DRW"" ""Pickup""",年份、Make、Model、版本、结构均与DIMENSION-ID语义一致,0.9000
Jaguar XK XKR-S Convertible 2012-2014,2014,Jaguar,XK,Jaguar XK,XKR-S,Convertible,,,Jaguar,XKR-S,4A全覆盖-VERSION_EXACT,待联网审核,4A原子尚无正式映射；语义候选需验证版本、结构和年份,"2014 ""Jaguar XKR-S"" ""Jaguar XK"" ""XKR-S"" ""Convertible""",年份、Make、Model、版本、结构均与DIMENSION-ID语义一致,0.9900
Jaguar XK XKR-S Coupe 2012-2014,2014,Jaguar,XK,Jaguar XK,XKR-S,Coupe,,,Jaguar,XKR-S,4A全覆盖-VERSION_EXACT,待联网审核,4A原子尚无正式映射；语义候选需验证版本、结构和年份,"2014 ""Jaguar XKR-S"" ""Jaguar XK"" ""XKR-S"" ""Coupe""",年份、Make、Model、版本、结构均与DIMENSION-ID语义一致,0.9900
Kia Forte Forte5 Hatchback 2014-2018,2014,Kia,Forte,Kia Forte,Forte5,Hatchback,,,Kia,Forte5,4A全覆盖-VERSION_EXACT,待联网审核,4A原子尚无正式映射；语义候选需验证版本、结构和年份,"2014 ""Kia Forte5"" ""Kia Forte"" ""Forte5"" ""Hatchback""",年份、Make、Model、版本、结构均与DIMENSION-ID语义一致,0.9900
Kia Forte Koup Coupe 2014-2016,2014,Kia,Forte,Kia Forte,Koup,Coupe,,,Kia,Forte5,4A全覆盖-MODEL_CONTAINS,待联网审核,4A原子尚无正式映射；语义候选需验证版本、结构和年份,"2014 ""Kia Forte5"" ""Kia Forte"" ""Koup"" ""Coupe""",年份、Make、Model、版本、结构均与DIMENSION-ID语义一致,0.9000
Kia Forte Sedan 2014-2018,2014,Kia,Forte,Kia Forte,,Sedan,,,Kia,Forte5,4A全覆盖-MODEL_CONTAINS,待联网审核,4A原子尚无正式映射；语义候选需验证版本、结构和年份,"2014 ""Kia Forte5"" ""Kia Forte"" ""Sedan""",年份、Make、Model、版本、结构均与DIMENSION-ID语义一致,0.9000
Nissan Versa Note Hatchback 2014-2019,2014,Nissan,Versa Note,Nissan Versa Note,,Hatchback,,,Nissan,Note,4A全覆盖-MODEL_CONTAINS,待联网审核,4A原子尚无正式映射；语义候选需验证版本、结构和年份,"2014 ""Nissan Note"" ""Nissan Versa Note"" ""Hatchback""",年份、Make、Model、版本、结构均与DIMENSION-ID语义一致,0.9000
Ram 2500/3500 Pickup 2010-2018 Crew 6.4,2014,Ram,2500/3500,Ram 2500/3500,,Pickup,Crew,6.4,Ram,2500,4A全覆盖-MODEL_COMPONENT_EXACT,待联网审核,4A原子尚无正式映射；语义候选需验证版本、结构和年份,"2014 ""Ram 2500"" ""Ram 2500/3500"" ""Pickup""",年份、Make、Model、版本、结构均与DIMENSION-ID语义一致,0.9700
Ram 2500/3500 Pickup 2010-2018 Crew 8,2014,Ram,2500/3500,Ram 2500/3500,,Pickup,Crew,8,Ram,2500,4A全覆盖-MODEL_COMPONENT_EXACT,待联网审核,4A原子尚无正式映射；语义候选需验证版本、结构和年份,"2014 ""Ram 2500"" ""Ram 2500/3500"" ""Pickup""",年份、Make、Model、版本、结构均与DIMENSION-ID语义一致,0.9700
Ram 2500/3500 Pickup 2010-2018 Mega 6.4,2014,Ram,2500/3500,Ram 2500/3500,,Pickup,Mega,6.4,Ram,2500,4A全覆盖-MODEL_COMPONENT_EXACT,待联网审核,4A原子尚无正式映射；语义候选需验证版本、结构和年份,"2014 ""Ram 2500"" ""Ram 2500/3500"" ""Pickup""",年份、Make、Model、版本、结构均与DIMENSION-ID语义一致,0.9700
Ram 2500/3500 Pickup 2010-2018 Regular 8,2014,Ram,2500/3500,Ram 2500/3500,,Pickup,Regular,8,Ram,2500,4A全覆盖-MODEL_COMPONENT_EXACT,待联网审核,4A原子尚无正式映射；语义候选需验证版本、结构和年份,"2014 ""Ram 2500"" ""Ram 2500/3500"" ""Pickup""",年份、Make、Model、版本、结构均与DIMENSION-ID语义一致,0.9700
Ram 1500 Pickup 2009-2018 Crew 6.4,2014,Ram,1500,Ram 1500,,Pickup,Crew,6.4,Ram,ProMaster 1500,4A全覆盖-MODEL_CONTAINS,待联网审核,4A原子尚无正式映射；语义候选需验证版本、结构和年份,"2014 ""Ram ProMaster 1500"" ""Ram 1500"" ""Pickup""",年份、Make、Model、版本、结构均与DIMENSION-ID语义一致,0.9000
Ram 1500 Pickup 2009-2018 Quad 6.4,2014,Ram,1500,Ram 1500,,Pickup,Quad,6.4,Ram,ProMaster 1500,4A全覆盖-MODEL_CONTAINS,待联网审核,4A原子尚无正式映射；语义候选需验证版本、结构和年份,"2014 ""Ram ProMaster 1500"" ""Ram 1500"" ""Pickup""",年份、Make、Model、版本、结构均与DIMENSION-ID语义一致,0.9000
Ram 1500 Pickup 2009-2018 Regular 6.4,2014,Ram,1500,Ram 1500,,Pickup,Regular,6.4,Ram,ProMaster 1500,4A全覆盖-MODEL_CONTAINS,待联网审核,4A原子尚无正式映射；语义候选需验证版本、结构和年份,"2014 ""Ram ProMaster 1500"" ""Ram 1500"" ""Pickup""",年份、Make、Model、版本、结构均与DIMENSION-ID语义一致,0.9000
Ram 1500 Pickup 2009-2018 Regular 8,2014,Ram,1500,Ram 1500,,Pickup,Regular,8,Ram,ProMaster 1500,4A全覆盖-MODEL_CONTAINS,待联网审核,4A原子尚无正式映射；语义候选需验证版本、结构和年份,"2014 ""Ram ProMaster 1500"" ""Ram 1500"" ""Pickup""",年份、Make、Model、版本、结构均与DIMENSION-ID语义一致,0.9000
Ram 1500 Pickup 2014-2018 Crew 5.6,2014,Ram,1500,Ram 1500,,Pickup,Crew,5.6,Ram,ProMaster 1500,4A全覆盖-MODEL_CONTAINS,待联网审核,4A原子尚无正式映射；语义候选需验证版本、结构和年份,"2014 ""Ram ProMaster 1500"" ""Ram 1500"" ""Pickup""",年份、Make、Model、版本、结构均与DIMENSION-ID语义一致,0.9000
Chevrolet Silverado 1500 Pickup 2014-2018 Crew 5.8,2015,Chevrolet,Silverado 1500,Chevrolet Silverado 1500,,Pickup,Crew,5.8,Chevrolet,Silverado 2500,4A全覆盖-MODEL_SIMILAR,待联网审核,4A原子尚无正式映射；语义候选需验证版本、结构和年份,"2015 ""Chevrolet Silverado 2500"" ""Chevrolet Silverado 1500"" ""Pickup""",年份、Make、Model、版本、结构均与DIMENSION-ID语义一致,0.9231
Chevrolet Silverado 1500 Pickup 2014-2018 Double 6.6,2015,Chevrolet,Silverado 1500,Chevrolet Silverado 1500,,Pickup,Double,6.6,Chevrolet,Silverado 2500,4A全覆盖-MODEL_SIMILAR,待联网审核,4A原子尚无正式映射；语义候选需验证版本、结构和年份,"2015 ""Chevrolet Silverado 2500"" ""Chevrolet Silverado 1500"" ""Pickup""",年份、Make、Model、版本、结构均与DIMENSION-ID语义一致,0.9231
Chevrolet Silverado 1500 Pickup 2014-2018 Regular 6.6,2015,Chevrolet,Silverado 1500,Chevrolet Silverado 1500,,Pickup,Regular,6.6,Chevrolet,Silverado 2500,4A全覆盖-MODEL_SIMILAR,待联网审核,4A原子尚无正式映射；语义候选需验证版本、结构和年份,"2015 ""Chevrolet Silverado 2500"" ""Chevrolet Silverado 1500"" ""Pickup""",年份、Make、Model、版本、结构均与DIMENSION-ID语义一致,0.9231
Chevrolet Silverado 1500 Pickup 2014-2018 Regular 8,2015,Chevrolet,Silverado 1500,Chevrolet Silverado 1500,,Pickup,Regular,8,Chevrolet,Silverado 2500,4A全覆盖-MODEL_SIMILAR,待联网审核,4A原子尚无正式映射；语义候选需验证版本、结构和年份,"2015 ""Chevrolet Silverado 2500"" ""Chevrolet Silverado 1500"" ""Pickup""",年份、Make、Model、版本、结构均与DIMENSION-ID语义一致,0.9231
Chevrolet Silverado 2500HD/3500HD DRW Pickup 2015-2018 Crew 8,2015,Chevrolet,Silverado 2500HD/3500HD,Chevrolet Silverado 2500HD/3500HD,DRW,Pickup,Crew,8,Chevrolet,Silverado 2500,4A全覆盖-MODEL_CONTAINS,待联网审核,4A原子尚无正式映射；语义候选需验证版本、结构和年份,"2015 ""Chevrolet Silverado 2500"" ""Chevrolet Silverado 2500HD/3500HD"" ""DRW"" ""Pickup""",年份、Make、Model、版本、结构均与DIMENSION-ID语义一致,0.9000
Chevrolet Silverado 1500 Pickup 2014-2018 Crew 5.8,2015,Chevrolet,Silverado 1500,Chevrolet Silverado 1500,,Pickup,Crew,5.8,Chevrolet,Silverado 3500,4A全覆盖-MODEL_SIMILAR,待联网审核,4A原子尚无正式映射；语义候选需验证版本、结构和年份,"2015 ""Chevrolet Silverado 3500"" ""Chevrolet Silverado 1500"" ""Pickup""",年份、Make、Model、版本、结构均与DIMENSION-ID语义一致,0.9231
Chevrolet Silverado 1500 Pickup 2014-2018 Double 6.6,2015,Chevrolet,Silverado 1500,Chevrolet Silverado 1500,,Pickup,Double,6.6,Chevrolet,Silverado 3500,4A全覆盖-MODEL_SIMILAR,待联网审核,4A原子尚无正式映射；语义候选需验证版本、结构和年份,"2015 ""Chevrolet Silverado 3500"" ""Chevrolet Silverado 1500"" ""Pickup""",年份、Make、Model、版本、结构均与DIMENSION-ID语义一致,0.9231
Chevrolet Silverado 1500 Pickup 2014-2018 Regular 6.6,2015,Chevrolet,Silverado 1500,Chevrolet Silverado 1500,,Pickup,Regular,6.6,Chevrolet,Silverado 3500,4A全覆盖-MODEL_SIMILAR,待联网审核,4A原子尚无正式映射；语义候选需验证版本、结构和年份,"2015 ""Chevrolet Silverado 3500"" ""Chevrolet Silverado 1500"" ""Pickup""",年份、Make、Model、版本、结构均与DIMENSION-ID语义一致,0.9231
Chevrolet Silverado 1500 Pickup 2014-2018 Regular 8,2015,Chevrolet,Silverado 1500,Chevrolet Silverado 1500,,Pickup,Regular,8,Chevrolet,Silverado 3500,4A全覆盖-MODEL_SIMILAR,待联网审核,4A原子尚无正式映射；语义候选需验证版本、结构和年份,"2015 ""Chevrolet Silverado 3500"" ""Chevrolet Silverado 1500"" ""Pickup""",年份、Make、Model、版本、结构均与DIMENSION-ID语义一致,0.9231
Ford F-350 Super Duty DRW Pickup 2011-2016 Crew 8,2015,Ford,F-350 Super Duty,Ford F-350 Super Duty,DRW,Pickup,Crew,8,Ford,E-350 Super Duty,4A全覆盖-MODEL_SIMILAR,待联网审核,4A原子尚无正式映射；语义候选需验证版本、结构和年份,"2015 ""Ford E-350 Super Duty"" ""Ford F-350 Super Duty"" ""DRW"" ""Pickup""",年份、Make、Model、版本、结构均与DIMENSION-ID语义一致,0.9231
Ford F-350 Super Duty DRW Pickup 2011-2016 Regular 8,2015,Ford,F-350 Super Duty,Ford F-350 Super Duty,DRW,Pickup,Regular,8,Ford,E-350 Super Duty,4A全覆盖-MODEL_SIMILAR,待联网审核,4A原子尚无正式映射；语义候选需验证版本、结构和年份,"2015 ""Ford E-350 Super Duty"" ""Ford F-350 Super Duty"" ""DRW"" ""Pickup""",年份、Make、Model、版本、结构均与DIMENSION-ID语义一致,0.9231
Ford F-250/F-350 Super Duty Pickup 2011-2016 Crew 6.8,2015,Ford,F-250/F-350 Super Duty,Ford F-250/F-350 Super Duty,,Pickup,Crew,6.8,Ford,F-350,4A全覆盖-MODEL_CONTAINS,待联网审核,4A原子尚无正式映射；语义候选需验证版本、结构和年份,"2015 ""Ford F-350"" ""Ford F-250/F-350 Super Duty"" ""Pickup""",年份、Make、Model、版本、结构均与DIMENSION-ID语义一致,0.9000
Ford F-250/F-350 Super Duty Pickup 2011-2016 Crew 8,2015,Ford,F-250/F-350 Super Duty,Ford F-250/F-350 Super Duty,,Pickup,Crew,8,Ford,F-350,4A全覆盖-MODEL_CONTAINS,待联网审核,4A原子尚无正式映射；语义候选需验证版本、结构和年份,"2015 ""Ford F-350"" ""Ford F-250/F-350 Super Duty"" ""Pickup""",年份、Make、Model、版本、结构均与DIMENSION-ID语义一致,0.9000
Ford F-250/F-350 Super Duty Pickup 2011-2016 Regular 8,2015,Ford,F-250/F-350 Super Duty,Ford F-250/F-350 Super Duty,,Pickup,Regular,8,Ford,F-350,4A全覆盖-MODEL_CONTAINS,待联网审核,4A原子尚无正式映射；语义候选需验证版本、结构和年份,"2015 ""Ford F-350"" ""Ford F-250/F-350 Super Duty"" ""Pickup""",年份、Make、Model、版本、结构均与DIMENSION-ID语义一致,0.9000
Ford F-250/F-350 Super Duty Pickup 2011-2016 SuperCab 6.8,2015,Ford,F-250/F-350 Super Duty,Ford F-250/F-350 Super Duty,,Pickup,SuperCab,6.8,Ford,F-350,4A全覆盖-MODEL_CONTAINS,待联网审核,4A原子尚无正式映射；语义候选需验证版本、结构和年份,"2015 ""Ford F-350"" ""Ford F-250/F-350 Super Duty"" ""Pickup""",年份、Make、Model、版本、结构均与DIMENSION-ID语义一致,0.9000
Ford F-250/F-350 Super Duty Pickup 2011-2016 SuperCab 8,2015,Ford,F-250/F-350 Super Duty,Ford F-250/F-350 Super Duty,,Pickup,SuperCab,8,Ford,F-350,4A全覆盖-MODEL_CONTAINS,待联网审核,4A原子尚无正式映射；语义候选需验证版本、结构和年份,"2015 ""Ford F-350"" ""Ford F-250/F-350 Super Duty"" ""Pickup""",年份、Make、Model、版本、结构均与DIMENSION-ID语义一致,0.9000
GMC Sierra 1500 Pickup 2014-2018 Crew 5.8,2015,GMC,Sierra 1500,GMC Sierra 1500,,Pickup,Crew,5.8,GMC,Sierra,4A全覆盖-MODEL_CONTAINS,待联网审核,4A原子尚无正式映射；语义候选需验证版本、结构和年份,"2015 ""GMC Sierra"" ""GMC Sierra 1500"" ""Pickup""",年份、Make、Model、版本、结构均与DIMENSION-ID语义一致,0.9000
GMC Sierra 1500 Pickup 2014-2018 Double 6.6,2015,GMC,Sierra 1500,GMC Sierra 1500,,Pickup,Double,6.6,GMC,Sierra,4A全覆盖-MODEL_CONTAINS,待联网审核,4A原子尚无正式映射；语义候选需验证版本、结构和年份,"2015 ""GMC Sierra"" ""GMC Sierra 1500"" ""Pickup""",年份、Make、Model、版本、结构均与DIMENSION-ID语义一致,0.9000
GMC Sierra 1500 Pickup 2014-2018 Regular 6.6,2015,GMC,Sierra 1500,GMC Sierra 1500,,Pickup,Regular,6.6,GMC,Sierra,4A全覆盖-MODEL_CONTAINS,待联网审核,4A原子尚无正式映射；语义候选需验证版本、结构和年份,"2015 ""GMC Sierra"" ""GMC Sierra 1500"" ""Pickup""",年份、Make、Model、版本、结构均与DIMENSION-ID语义一致,0.9000
GMC Sierra 1500 Pickup 2014-2018 Regular 8,2015,GMC,Sierra 1500,GMC Sierra 1500,,Pickup,Regular,8,GMC,Sierra,4A全覆盖-MODEL_CONTAINS,待联网审核,4A原子尚无正式映射；语义候选需验证版本、结构和年份,"2015 ""GMC Sierra"" ""GMC Sierra 1500"" ""Pickup""",年份、Make、Model、版本、结构均与DIMENSION-ID语义一致,0.9000
GMC Sierra 2500HD/3500HD DRW Pickup 2015-2019 Crew 8,2015,GMC,Sierra 2500HD/3500HD,GMC Sierra 2500HD/3500HD,DRW,Pickup,Crew,8,GMC,Sierra,4A全覆盖-MODEL_CONTAINS,待联网审核,4A原子尚无正式映射；语义候选需验证版本、结构和年份,"2015 ""GMC Sierra"" ""GMC Sierra 2500HD/3500HD"" ""DRW"" ""Pickup""",年份、Make、Model、版本、结构均与DIMENSION-ID语义一致,0.9000
Jaguar XK XKR Convertible 2007-2015,2015,Jaguar,XK,Jaguar XK,XKR,Convertible,,,Jaguar,XK,4A全覆盖-MODEL_EXACT,待联网审核,4A原子尚无正式映射；语义候选需验证版本、结构和年份,"2015 ""Jaguar XK"" ""Jaguar XK"" ""XKR"" ""Convertible""",年份、Make、Model、版本、结构均与DIMENSION-ID语义一致,1.0000
Jaguar XK XKR Coupe 2007-2015,2015,Jaguar,XK,Jaguar XK,XKR,Coupe,,,Jaguar,XK,4A全覆盖-MODEL_EXACT,待联网审核,4A原子尚无正式映射；语义候选需验证版本、结构和年份,"2015 ""Jaguar XK"" ""Jaguar XK"" ""XKR"" ""Coupe""",年份、Make、Model、版本、结构均与DIMENSION-ID语义一致,1.0000
Kia Forte Forte5 Hatchback 2014-2018,2015,Kia,Forte,Kia Forte,Forte5,Hatchback,,,Kia,Forte5,4A全覆盖-VERSION_EXACT,待联网审核,4A原子尚无正式映射；语义候选需验证版本、结构和年份,"2015 ""Kia Forte5"" ""Kia Forte"" ""Forte5"" ""Hatchback""",年份、Make、Model、版本、结构均与DIMENSION-ID语义一致,0.9900
Kia Forte Koup Coupe 2014-2016,2015,Kia,Forte,Kia Forte,Koup,Coupe,,,Kia,Forte5,4A全覆盖-MODEL_CONTAINS,待联网审核,4A原子尚无正式映射；语义候选需验证版本、结构和年份,"2015 ""Kia Forte5"" ""Kia Forte"" ""Koup"" ""Coupe""",年份、Make、Model、版本、结构均与DIMENSION-ID语义一致,0.9000
Kia Forte Sedan 2014-2018,2015,Kia,Forte,Kia Forte,,Sedan,,,Kia,Forte5,4A全覆盖-MODEL_CONTAINS,待联网审核,4A原子尚无正式映射；语义候选需验证版本、结构和年份,"2015 ""Kia Forte5"" ""Kia Forte"" ""Sedan""",年份、Make、Model、版本、结构均与DIMENSION-ID语义一致,0.9000
Nissan Versa Note Hatchback 2014-2019,2015,Nissan,Versa Note,Nissan Versa Note,,Hatchback,,,Nissan,Note,4A全覆盖-MODEL_CONTAINS,待联网审核,4A原子尚无正式映射；语义候选需验证版本、结构和年份,"2015 ""Nissan Note"" ""Nissan Versa Note"" ""Hatchback""",年份、Make、Model、版本、结构均与DIMENSION-ID语义一致,0.9000
Ram 2500/3500 Pickup 2010-2018 Crew 6.4,2015,Ram,2500/3500,Ram 2500/3500,,Pickup,Crew,6.4,Ram,2500,4A全覆盖-MODEL_COMPONENT_EXACT,待联网审核,4A原子尚无正式映射；语义候选需验证版本、结构和年份,"2015 ""Ram 2500"" ""Ram 2500/3500"" ""Pickup""",年份、Make、Model、版本、结构均与DIMENSION-ID语义一致,0.9700
Ram 2500/3500 Pickup 2010-2018 Crew 8,2015,Ram,2500/3500,Ram 2500/3500,,Pickup,Crew,8,Ram,2500,4A全覆盖-MODEL_COMPONENT_EXACT,待联网审核,4A原子尚无正式映射；语义候选需验证版本、结构和年份,"2015 ""Ram 2500"" ""Ram 2500/3500"" ""Pickup""",年份、Make、Model、版本、结构均与DIMENSION-ID语义一致,0.9700
Ram 2500/3500 Pickup 2010-2018 Mega 6.4,2015,Ram,2500/3500,Ram 2500/3500,,Pickup,Mega,6.4,Ram,2500,4A全覆盖-MODEL_COMPONENT_EXACT,待联网审核,4A原子尚无正式映射；语义候选需验证版本、结构和年份,"2015 ""Ram 2500"" ""Ram 2500/3500"" ""Pickup""",年份、Make、Model、版本、结构均与DIMENSION-ID语义一致,0.9700
Ram 2500/3500 Pickup 2010-2018 Regular 8,2015,Ram,2500/3500,Ram 2500/3500,,Pickup,Regular,8,Ram,2500,4A全覆盖-MODEL_COMPONENT_EXACT,待联网审核,4A原子尚无正式映射；语义候选需验证版本、结构和年份,"2015 ""Ram 2500"" ""Ram 2500/3500"" ""Pickup""",年份、Make、Model、版本、结构均与DIMENSION-ID语义一致,0.9700
Ram 1500 Pickup 2009-2018 Crew 6.4,2015,Ram,1500,Ram 1500,,Pickup,Crew,6.4,Ram,ProMaster 1500,4A全覆盖-MODEL_CONTAINS,待联网审核,4A原子尚无正式映射；语义候选需验证版本、结构和年份,"2015 ""Ram ProMaster 1500"" ""Ram 1500"" ""Pickup""",年份、Make、Model、版本、结构均与DIMENSION-ID语义一致,0.9000
Ram 1500 Pickup 2009-2018 Quad 6.4,2015,Ram,1500,Ram 1500,,Pickup,Quad,6.4,Ram,ProMaster 1500,4A全覆盖-MODEL_CONTAINS,待联网审核,4A原子尚无正式映射；语义候选需验证版本、结构和年份,"2015 ""Ram ProMaster 1500"" ""Ram 1500"" ""Pickup""",年份、Make、Model、版本、结构均与DIMENSION-ID语义一致,0.9000
Ram 1500 Pickup 2009-2018 Regular 6.4,2015,Ram,1500,Ram 1500,,Pickup,Regular,6.4,Ram,ProMaster 1500,4A全覆盖-MODEL_CONTAINS,待联网审核,4A原子尚无正式映射；语义候选需验证版本、结构和年份,"2015 ""Ram ProMaster 1500"" ""Ram 1500"" ""Pickup""",年份、Make、Model、版本、结构均与DIMENSION-ID语义一致,0.9000
Ram 1500 Pickup 2009-2018 Regular 8,2015,Ram,1500,Ram 1500,,Pickup,Regular,8,Ram,ProMaster 1500,4A全覆盖-MODEL_CONTAINS,待联网审核,4A原子尚无正式映射；语义候选需验证版本、结构和年份,"2015 ""Ram ProMaster 1500"" ""Ram 1500"" ""Pickup""",年份、Make、Model、版本、结构均与DIMENSION-ID语义一致,0.9000
Ram 1500 Pickup 2014-2018 Crew 5.6,2015,Ram,1500,Ram 1500,,Pickup,Crew,5.6,Ram,ProMaster 1500,4A全覆盖-MODEL_CONTAINS,待联网审核,4A原子尚无正式映射；语义候选需验证版本、结构和年份,"2015 ""Ram ProMaster 1500"" ""Ram 1500"" ""Pickup""",年份、Make、Model、版本、结构均与DIMENSION-ID语义一致,0.9000
Volkswagen Golf Diesel Hatchback 2015,2015,Volkswagen,Golf,Volkswagen Golf,Diesel,Hatchback,,,Volkswagen,e-Golf,4A全覆盖-MODEL_CONTAINS,待联网审核,4A原子尚无正式映射；语义候选需验证版本、结构和年份,"2015 ""Volkswagen e-Golf"" ""Volkswagen Golf"" ""Diesel"" ""Hatchback""",年份、Make、Model、版本、结构均与DIMENSION-ID语义一致,0.9000
Volkswagen Golf GTI Hatchback 2015-2017,2015,Volkswagen,Golf,Volkswagen Golf,GTI,Hatchback,,,Volkswagen,e-Golf,4A全覆盖-MODEL_CONTAINS,待联网审核,4A原子尚无正式映射；语义候选需验证版本、结构和年份,"2015 ""Volkswagen e-Golf"" ""Volkswagen Golf"" ""GTI"" ""Hatchback""",年份、Make、Model、版本、结构均与DIMENSION-ID语义一致,0.9000
Volkswagen Golf Wagon 2015-2016,2015,Volkswagen,Golf,Volkswagen Golf,,Wagon,,,Volkswagen,e-Golf,4A全覆盖-MODEL_CONTAINS,待联网审核,4A原子尚无正式映射；语义候选需验证版本、结构和年份,"2015 ""Volkswagen e-Golf"" ""Volkswagen Golf"" ""Wagon""",年份、Make、Model、版本、结构均与DIMENSION-ID语义一致,0.9000
Volkswagen Golf GTI Hatchback 2015-2017,2015,Volkswagen,Golf,Volkswagen Golf,GTI,Hatchback,,,Volkswagen,GTI,4A全覆盖-VERSION_EXACT,待联网审核,4A原子尚无正式映射；语义候选需验证版本、结构和年份,"2015 ""Volkswagen GTI"" ""Volkswagen Golf"" ""GTI"" ""Hatchback""",年份、Make、Model、版本、结构均与DIMENSION-ID语义一致,0.9900
Chevrolet Silverado 1500 Pickup 2014-2018 Crew 5.8,2016,Chevrolet,Silverado 1500,Chevrolet Silverado 1500,,Pickup,Crew,5.8,Chevrolet,Silverado 2500,4A全覆盖-MODEL_SIMILAR,待联网审核,4A原子尚无正式映射；语义候选需验证版本、结构和年份,"2016 ""Chevrolet Silverado 2500"" ""Chevrolet Silverado 1500"" ""Pickup""",年份、Make、Model、版本、结构均与DIMENSION-ID语义一致,0.9231
Chevrolet Silverado 1500 Pickup 2014-2018 Double 6.6,2016,Chevrolet,Silverado 1500,Chevrolet Silverado 1500,,Pickup,Double,6.6,Chevrolet,Silverado 2500,4A全覆盖-MODEL_SIMILAR,待联网审核,4A原子尚无正式映射；语义候选需验证版本、结构和年份,"2016 ""Chevrolet Silverado 2500"" ""Chevrolet Silverado 1500"" ""Pickup""",年份、Make、Model、版本、结构均与DIMENSION-ID语义一致,0.9231
Chevrolet Silverado 1500 Pickup 2014-2018 Regular 6.6,2016,Chevrolet,Silverado 1500,Chevrolet Silverado 1500,,Pickup,Regular,6.6,Chevrolet,Silverado 2500,4A全覆盖-MODEL_SIMILAR,待联网审核,4A原子尚无正式映射；语义候选需验证版本、结构和年份,"2016 ""Chevrolet Silverado 2500"" ""Chevrolet Silverado 1500"" ""Pickup""",年份、Make、Model、版本、结构均与DIMENSION-ID语义一致,0.9231
Chevrolet Silverado 1500 Pickup 2014-2018 Regular 8,2016,Chevrolet,Silverado 1500,Chevrolet Silverado 1500,,Pickup,Regular,8,Chevrolet,Silverado 2500,4A全覆盖-MODEL_SIMILAR,待联网审核,4A原子尚无正式映射；语义候选需验证版本、结构和年份,"2016 ""Chevrolet Silverado 2500"" ""Chevrolet Silverado 1500"" ""Pickup""",年份、Make、Model、版本、结构均与DIMENSION-ID语义一致,0.9231
Chevrolet Silverado 2500HD/3500HD DRW Pickup 2015-2018 Crew 8,2016,Chevrolet,Silverado 2500HD/3500HD,Chevrolet Silverado 2500HD/3500HD,DRW,Pickup,Crew,8,Chevrolet,Silverado 2500,4A全覆盖-MODEL_CONTAINS,待联网审核,4A原子尚无正式映射；语义候选需验证版本、结构和年份,"2016 ""Chevrolet Silverado 2500"" ""Chevrolet Silverado 2500HD/3500HD"" ""DRW"" ""Pickup""",年份、Make、Model、版本、结构均与DIMENSION-ID语义一致,0.9000
Chevrolet Silverado 1500 Pickup 2014-2018 Crew 5.8,2016,Chevrolet,Silverado 1500,Chevrolet Silverado 1500,,Pickup,Crew,5.8,Chevrolet,Silverado 3500,4A全覆盖-MODEL_SIMILAR,待联网审核,4A原子尚无正式映射；语义候选需验证版本、结构和年份,"2016 ""Chevrolet Silverado 3500"" ""Chevrolet Silverado 1500"" ""Pickup""",年份、Make、Model、版本、结构均与DIMENSION-ID语义一致,0.9231
Chevrolet Silverado 1500 Pickup 2014-2018 Double 6.6,2016,Chevrolet,Silverado 1500,Chevrolet Silverado 1500,,Pickup,Double,6.6,Chevrolet,Silverado 3500,4A全覆盖-MODEL_SIMILAR,待联网审核,4A原子尚无正式映射；语义候选需验证版本、结构和年份,"2016 ""Chevrolet Silverado 3500"" ""Chevrolet Silverado 1500"" ""Pickup""",年份、Make、Model、版本、结构均与DIMENSION-ID语义一致,0.9231
Chevrolet Silverado 1500 Pickup 2014-2018 Regular 6.6,2016,Chevrolet,Silverado 1500,Chevrolet Silverado 1500,,Pickup,Regular,6.6,Chevrolet,Silverado 3500,4A全覆盖-MODEL_SIMILAR,待联网审核,4A原子尚无正式映射；语义候选需验证版本、结构和年份,"2016 ""Chevrolet Silverado 3500"" ""Chevrolet Silverado 1500"" ""Pickup""",年份、Make、Model、版本、结构均与DIMENSION-ID语义一致,0.9231
Chevrolet Silverado 1500 Pickup 2014-2018 Regular 8,2016,Chevrolet,Silverado 1500,Chevrolet Silverado 1500,,Pickup,Regular,8,Chevrolet,Silverado 3500,4A全覆盖-MODEL_SIMILAR,待联网审核,4A原子尚无正式映射；语义候选需验证版本、结构和年份,"2016 ""Chevrolet Silverado 3500"" ""Chevrolet Silverado 1500"" ""Pickup""",年份、Make、Model、版本、结构均与DIMENSION-ID语义一致,0.9231
Ford F-350 Super Duty DRW Pickup 2011-2016 Crew 8,2016,Ford,F-350 Super Duty,Ford F-350 Super Duty,DRW,Pickup,Crew,8,Ford,E-350 Super Duty,4A全覆盖-MODEL_SIMILAR,待联网审核,4A原子尚无正式映射；语义候选需验证版本、结构和年份,"2016 ""Ford E-350 Super Duty"" ""Ford F-350 Super Duty"" ""DRW"" ""Pickup""",年份、Make、Model、版本、结构均与DIMENSION-ID语义一致,0.9231
Ford F-350 Super Duty DRW Pickup 2011-2016 Regular 8,2016,Ford,F-350 Super Duty,Ford F-350 Super Duty,DRW,Pickup,Regular,8,Ford,E-350 Super Duty,4A全覆盖-MODEL_SIMILAR,待联网审核,4A原子尚无正式映射；语义候选需验证版本、结构和年份,"2016 ""Ford E-350 Super Duty"" ""Ford F-350 Super Duty"" ""DRW"" ""Pickup""",年份、Make、Model、版本、结构均与DIMENSION-ID语义一致,0.9231
Ford F-250/F-350 Super Duty Pickup 2011-2016 Crew 6.8,2016,Ford,F-250/F-350 Super Duty,Ford F-250/F-350 Super Duty,,Pickup,Crew,6.8,Ford,F-350,4A全覆盖-MODEL_CONTAINS,待联网审核,4A原子尚无正式映射；语义候选需验证版本、结构和年份,"2016 ""Ford F-350"" ""Ford F-250/F-350 Super Duty"" ""Pickup""",年份、Make、Model、版本、结构均与DIMENSION-ID语义一致,0.9000
Ford F-250/F-350 Super Duty Pickup 2011-2016 Crew 8,2016,Ford,F-250/F-350 Super Duty,Ford F-250/F-350 Super Duty,,Pickup,Crew,8,Ford,F-350,4A全覆盖-MODEL_CONTAINS,待联网审核,4A原子尚无正式映射；语义候选需验证版本、结构和年份,"2016 ""Ford F-350"" ""Ford F-250/F-350 Super Duty"" ""Pickup""",年份、Make、Model、版本、结构均与DIMENSION-ID语义一致,0.9000
Ford F-250/F-350 Super Duty Pickup 2011-2016 Regular 8,2016,Ford,F-250/F-350 Super Duty,Ford F-250/F-350 Super Duty,,Pickup,Regular,8,Ford,F-350,4A全覆盖-MODEL_CONTAINS,待联网审核,4A原子尚无正式映射；语义候选需验证版本、结构和年份,"2016 ""Ford F-350"" ""Ford F-250/F-350 Super Duty"" ""Pickup""",年份、Make、Model、版本、结构均与DIMENSION-ID语义一致,0.9000
Ford F-250/F-350 Super Duty Pickup 2011-2016 SuperCab 6.8,2016,Ford,F-250/F-350 Super Duty,Ford F-250/F-350 Super Duty,,Pickup,SuperCab,6.8,Ford,F-350,4A全覆盖-MODEL_CONTAINS,待联网审核,4A原子尚无正式映射；语义候选需验证版本、结构和年份,"2016 ""Ford F-350"" ""Ford F-250/F-350 Super Duty"" ""Pickup""",年份、Make、Model、版本、结构均与DIMENSION-ID语义一致,0.9000
Ford F-250/F-350 Super Duty Pickup 2011-2016 SuperCab 8,2016,Ford,F-250/F-350 Super Duty,Ford F-250/F-350 Super Duty,,Pickup,SuperCab,8,Ford,F-350,4A全覆盖-MODEL_CONTAINS,待联网审核,4A原子尚无正式映射；语义候选需验证版本、结构和年份,"2016 ""Ford F-350"" ""Ford F-250/F-350 Super Duty"" ""Pickup""",年份、Make、Model、版本、结构均与DIMENSION-ID语义一致,0.9000
GMC Sierra 1500 Pickup 2014-2018 Crew 5.8,2016,GMC,Sierra 1500,GMC Sierra 1500,,Pickup,Crew,5.8,GMC,Sierra,4A全覆盖-MODEL_CONTAINS,待联网审核,4A原子尚无正式映射；语义候选需验证版本、结构和年份,"2016 ""GMC Sierra"" ""GMC Sierra 1500"" ""Pickup""",年份、Make、Model、版本、结构均与DIMENSION-ID语义一致,0.9000
GMC Sierra 1500 Pickup 2014-2018 Double 6.6,2016,GMC,Sierra 1500,GMC Sierra 1500,,Pickup,Double,6.6,GMC,Sierra,4A全覆盖-MODEL_CONTAINS,待联网审核,4A原子尚无正式映射；语义候选需验证版本、结构和年份,"2016 ""GMC Sierra"" ""GMC Sierra 1500"" ""Pickup""",年份、Make、Model、版本、结构均与DIMENSION-ID语义一致,0.9000
GMC Sierra 1500 Pickup 2014-2018 Regular 6.6,2016,GMC,Sierra 1500,GMC Sierra 1500,,Pickup,Regular,6.6,GMC,Sierra,4A全覆盖-MODEL_CONTAINS,待联网审核,4A原子尚无正式映射；语义候选需验证版本、结构和年份,"2016 ""GMC Sierra"" ""GMC Sierra 1500"" ""Pickup""",年份、Make、Model、版本、结构均与DIMENSION-ID语义一致,0.9000
GMC Sierra 1500 Pickup 2014-2018 Regular 8,2016,GMC,Sierra 1500,GMC Sierra 1500,,Pickup,Regular,8,GMC,Sierra,4A全覆盖-MODEL_CONTAINS,待联网审核,4A原子尚无正式映射；语义候选需验证版本、结构和年份,"2016 ""GMC Sierra"" ""GMC Sierra 1500"" ""Pickup""",年份、Make、Model、版本、结构均与DIMENSION-ID语义一致,0.9000
GMC Sierra 2500HD/3500HD DRW Pickup 2015-2019 Crew 8,2016,GMC,Sierra 2500HD/3500HD,GMC Sierra 2500HD/3500HD,DRW,Pickup,Crew,8,GMC,Sierra,4A全覆盖-MODEL_CONTAINS,待联网审核,4A原子尚无正式映射；语义候选需验证版本、结构和年份,"2016 ""GMC Sierra"" ""GMC Sierra 2500HD/3500HD"" ""DRW"" ""Pickup""",年份、Make、Model、版本、结构均与DIMENSION-ID语义一致,0.9000
Kia Forte Forte5 Hatchback 2014-2018,2016,Kia,Forte,Kia Forte,Forte5,Hatchback,,,Kia,Forte5,4A全覆盖-VERSION_EXACT,待联网审核,4A原子尚无正式映射；语义候选需验证版本、结构和年份,"2016 ""Kia Forte5"" ""Kia Forte"" ""Forte5"" ""Hatchback""",年份、Make、Model、版本、结构均与DIMENSION-ID语义一致,0.9900
Kia Forte Koup Coupe 2014-2016,2016,Kia,Forte,Kia Forte,Koup,Coupe,,,Kia,Forte5,4A全覆盖-MODEL_CONTAINS,待联网审核,4A原子尚无正式映射；语义候选需验证版本、结构和年份,"2016 ""Kia Forte5"" ""Kia Forte"" ""Koup"" ""Coupe""",年份、Make、Model、版本、结构均与DIMENSION-ID语义一致,0.9000
Kia Forte Sedan 2014-2018,2016,Kia,Forte,Kia Forte,,Sedan,,,Kia,Forte5,4A全覆盖-MODEL_CONTAINS,待联网审核,4A原子尚无正式映射；语义候选需验证版本、结构和年份,"2016 ""Kia Forte5"" ""Kia Forte"" ""Sedan""",年份、Make、Model、版本、结构均与DIMENSION-ID语义一致,0.9000
Nissan Versa Note Hatchback 2014-2019,2016,Nissan,Versa Note,Nissan Versa Note,,Hatchback,,,Nissan,Note,4A全覆盖-MODEL_CONTAINS,待联网审核,4A原子尚无正式映射；语义候选需验证版本、结构和年份,"2016 ""Nissan Note"" ""Nissan Versa Note"" ""Hatchback""",年份、Make、Model、版本、结构均与DIMENSION-ID语义一致,0.9000
Nissan Frontier Pickup 2005-2021 Crew 5,2016,Nissan,Frontier,Nissan Frontier,,Pickup,Crew,5,Nissan,NP300 Frontier,4A全覆盖-MODEL_CONTAINS,待联网审核,4A原子尚无正式映射；语义候选需验证版本、结构和年份,"2016 ""Nissan NP300 Frontier"" ""Nissan Frontier"" ""Pickup""",年份、Make、Model、版本、结构均与DIMENSION-ID语义一致,0.9000
Nissan Frontier Pickup 2005-2021 Crew 6,2016,Nissan,Frontier,Nissan Frontier,,Pickup,Crew,6,Nissan,NP300 Frontier,4A全覆盖-MODEL_CONTAINS,待联网审核,4A原子尚无正式映射；语义候选需验证版本、结构和年份,"2016 ""Nissan NP300 Frontier"" ""Nissan Frontier"" ""Pickup""",年份、Make、Model、版本、结构均与DIMENSION-ID语义一致,0.9000
Nissan Frontier Pickup 2016 King 6,2016,Nissan,Frontier,Nissan Frontier,,Pickup,King,6,Nissan,NP300 Frontier,4A全覆盖-MODEL_CONTAINS,待联网审核,4A原子尚无正式映射；语义候选需验证版本、结构和年份,"2016 ""Nissan NP300 Frontier"" ""Nissan Frontier"" ""Pickup""",年份、Make、Model、版本、结构均与DIMENSION-ID语义一致,0.9000
Ram 2500/3500 Pickup 2010-2018 Crew 6.4,2016,Ram,2500/3500,Ram 2500/3500,,Pickup,Crew,6.4,Ram,2500,4A全覆盖-MODEL_COMPONENT_EXACT,待联网审核,4A原子尚无正式映射；语义候选需验证版本、结构和年份,"2016 ""Ram 2500"" ""Ram 2500/3500"" ""Pickup""",年份、Make、Model、版本、结构均与DIMENSION-ID语义一致,0.9700
Ram 2500/3500 Pickup 2010-2018 Crew 8,2016,Ram,2500/3500,Ram 2500/3500,,Pickup,Crew,8,Ram,2500,4A全覆盖-MODEL_COMPONENT_EXACT,待联网审核,4A原子尚无正式映射；语义候选需验证版本、结构和年份,"2016 ""Ram 2500"" ""Ram 2500/3500"" ""Pickup""",年份、Make、Model、版本、结构均与DIMENSION-ID语义一致,0.9700
Ram 2500/3500 Pickup 2010-2018 Mega 6.4,2016,Ram,2500/3500,Ram 2500/3500,,Pickup,Mega,6.4,Ram,2500,4A全覆盖-MODEL_COMPONENT_EXACT,待联网审核,4A原子尚无正式映射；语义候选需验证版本、结构和年份,"2016 ""Ram 2500"" ""Ram 2500/3500"" ""Pickup""",年份、Make、Model、版本、结构均与DIMENSION-ID语义一致,0.9700
Ram 2500/3500 Pickup 2010-2018 Regular 8,2016,Ram,2500/3500,Ram 2500/3500,,Pickup,Regular,8,Ram,2500,4A全覆盖-MODEL_COMPONENT_EXACT,待联网审核,4A原子尚无正式映射；语义候选需验证版本、结构和年份,"2016 ""Ram 2500"" ""Ram 2500/3500"" ""Pickup""",年份、Make、Model、版本、结构均与DIMENSION-ID语义一致,0.9700
Ram 1500 Pickup 2009-2018 Crew 6.4,2016,Ram,1500,Ram 1500,,Pickup,Crew,6.4,Ram,ProMaster 1500,4A全覆盖-MODEL_CONTAINS,待联网审核,4A原子尚无正式映射；语义候选需验证版本、结构和年份,"2016 ""Ram ProMaster 1500"" ""Ram 1500"" ""Pickup""",年份、Make、Model、版本、结构均与DIMENSION-ID语义一致,0.9000
Ram 1500 Pickup 2009-2018 Quad 6.4,2016,Ram,1500,Ram 1500,,Pickup,Quad,6.4,Ram,ProMaster 1500,4A全覆盖-MODEL_CONTAINS,待联网审核,4A原子尚无正式映射；语义候选需验证版本、结构和年份,"2016 ""Ram ProMaster 1500"" ""Ram 1500"" ""Pickup""",年份、Make、Model、版本、结构均与DIMENSION-ID语义一致,0.9000
Ram 1500 Pickup 2009-2018 Regular 6.4,2016,Ram,1500,Ram 1500,,Pickup,Regular,6.4,Ram,ProMaster 1500,4A全覆盖-MODEL_CONTAINS,待联网审核,4A原子尚无正式映射；语义候选需验证版本、结构和年份,"2016 ""Ram ProMaster 1500"" ""Ram 1500"" ""Pickup""",年份、Make、Model、版本、结构均与DIMENSION-ID语义一致,0.9000
Ram 1500 Pickup 2009-2018 Regular 8,2016,Ram,1500,Ram 1500,,Pickup,Regular,8,Ram,ProMaster 1500,4A全覆盖-MODEL_CONTAINS,待联网审核,4A原子尚无正式映射；语义候选需验证版本、结构和年份,"2016 ""Ram ProMaster 1500"" ""Ram 1500"" ""Pickup""",年份、Make、Model、版本、结构均与DIMENSION-ID语义一致,0.9000
Ram 1500 Pickup 2014-2018 Crew 5.6,2016,Ram,1500,Ram 1500,,Pickup,Crew,5.6,Ram,ProMaster 1500,4A全覆盖-MODEL_CONTAINS,待联网审核,4A原子尚无正式映射；语义候选需验证版本、结构和年份,"2016 ""Ram ProMaster 1500"" ""Ram 1500"" ""Pickup""",年份、Make、Model、版本、结构均与DIMENSION-ID语义一致,0.9000
Volkswagen Golf GTI Hatchback 2015-2017,2016,Volkswagen,Golf,Volkswagen Golf,GTI,Hatchback,,,Volkswagen,e-Golf,4A全覆盖-MODEL_CONTAINS,待联网审核,4A原子尚无正式映射；语义候选需验证版本、结构和年份,"2016 ""Volkswagen e-Golf"" ""Volkswagen Golf"" ""GTI"" ""Hatchback""",年份、Make、Model、版本、结构均与DIMENSION-ID语义一致,0.9000
Volkswagen Golf Hatchback 2016-2017,2016,Volkswagen,Golf,Volkswagen Golf,,Hatchback,,,Volkswagen,e-Golf,4A全覆盖-MODEL_CONTAINS,待联网审核,4A原子尚无正式映射；语义候选需验证版本、结构和年份,"2016 ""Volkswagen e-Golf"" ""Volkswagen Golf"" ""Hatchback""",年份、Make、Model、版本、结构均与DIMENSION-ID语义一致,0.9000
Volkswagen Golf Wagon 2015-2016,2016,Volkswagen,Golf,Volkswagen Golf,,Wagon,,,Volkswagen,e-Golf,4A全覆盖-MODEL_CONTAINS,待联网审核,4A原子尚无正式映射；语义候选需验证版本、结构和年份,"2016 ""Volkswagen e-Golf"" ""Volkswagen Golf"" ""Wagon""",年份、Make、Model、版本、结构均与DIMENSION-ID语义一致,0.9000
Volkswagen Golf GTI Hatchback 2015-2017,2016,Volkswagen,Golf,Volkswagen Golf,GTI,Hatchback,,,Volkswagen,GTI,4A全覆盖-VERSION_EXACT,待联网审核,4A原子尚无正式映射；语义候选需验证版本、结构和年份,"2016 ""Volkswagen GTI"" ""Volkswagen Golf"" ""GTI"" ""Hatchback""",年份、Make、Model、版本、结构均与DIMENSION-ID语义一致,0.9900
Volvo S60 Sedan 2012-2018,2016,Volvo,S60,Volvo S60,,Sedan,,,Volvo,S60,4A全覆盖-MODEL_EXACT,待联网审核,4A原子尚无正式映射；语义候选需验证版本、结构和年份,"2016 ""Volvo S60"" ""Volvo S60"" ""Sedan""",年份、Make、Model、版本、结构均与DIMENSION-ID语义一致,1.0000
Chevrolet Silverado 1500 Pickup 2014-2018 Crew 5.8,2017,Chevrolet,Silverado 1500,Chevrolet Silverado 1500,,Pickup,Crew,5.8,Chevrolet,Silverado 2500,4A全覆盖-MODEL_SIMILAR,待联网审核,4A原子尚无正式映射；语义候选需验证版本、结构和年份,"2017 ""Chevrolet Silverado 2500"" ""Chevrolet Silverado 1500"" ""Pickup""",年份、Make、Model、版本、结构均与DIMENSION-ID语义一致,0.9231
Chevrolet Silverado 1500 Pickup 2014-2018 Double 6.6,2017,Chevrolet,Silverado 1500,Chevrolet Silverado 1500,,Pickup,Double,6.6,Chevrolet,Silverado 2500,4A全覆盖-MODEL_SIMILAR,待联网审核,4A原子尚无正式映射；语义候选需验证版本、结构和年份,"2017 ""Chevrolet Silverado 2500"" ""Chevrolet Silverado 1500"" ""Pickup""",年份、Make、Model、版本、结构均与DIMENSION-ID语义一致,0.9231
Chevrolet Silverado 1500 Pickup 2014-2018 Regular 6.6,2017,Chevrolet,Silverado 1500,Chevrolet Silverado 1500,,Pickup,Regular,6.6,Chevrolet,Silverado 2500,4A全覆盖-MODEL_SIMILAR,待联网审核,4A原子尚无正式映射；语义候选需验证版本、结构和年份,"2017 ""Chevrolet Silverado 2500"" ""Chevrolet Silverado 1500"" ""Pickup""",年份、Make、Model、版本、结构均与DIMENSION-ID语义一致,0.9231
Chevrolet Silverado 1500 Pickup 2014-2018 Regular 8,2017,Chevrolet,Silverado 1500,Chevrolet Silverado 1500,,Pickup,Regular,8,Chevrolet,Silverado 2500,4A全覆盖-MODEL_SIMILAR,待联网审核,4A原子尚无正式映射；语义候选需验证版本、结构和年份,"2017 ""Chevrolet Silverado 2500"" ""Chevrolet Silverado 1500"" ""Pickup""",年份、Make、Model、版本、结构均与DIMENSION-ID语义一致,0.9231
Chevrolet Silverado 2500HD/3500HD DRW Pickup 2015-2018 Crew 8,2017,Chevrolet,Silverado 2500HD/3500HD,Chevrolet Silverado 2500HD/3500HD,DRW,Pickup,Crew,8,Chevrolet,Silverado 2500,4A全覆盖-MODEL_CONTAINS,待联网审核,4A原子尚无正式映射；语义候选需验证版本、结构和年份,"2017 ""Chevrolet Silverado 2500"" ""Chevrolet Silverado 2500HD/3500HD"" ""DRW"" ""Pickup""",年份、Make、Model、版本、结构均与DIMENSION-ID语义一致,0.9000
Chevrolet Silverado 1500 Pickup 2014-2018 Crew 5.8,2017,Chevrolet,Silverado 1500,Chevrolet Silverado 1500,,Pickup,Crew,5.8,Chevrolet,Silverado 3500,4A全覆盖-MODEL_SIMILAR,待联网审核,4A原子尚无正式映射；语义候选需验证版本、结构和年份,"2017 ""Chevrolet Silverado 3500"" ""Chevrolet Silverado 1500"" ""Pickup""",年份、Make、Model、版本、结构均与DIMENSION-ID语义一致,0.9231
Chevrolet Silverado 1500 Pickup 2014-2018 Double 6.6,2017,Chevrolet,Silverado 1500,Chevrolet Silverado 1500,,Pickup,Double,6.6,Chevrolet,Silverado 3500,4A全覆盖-MODEL_SIMILAR,待联网审核,4A原子尚无正式映射；语义候选需验证版本、结构和年份,"2017 ""Chevrolet Silverado 3500"" ""Chevrolet Silverado 1500"" ""Pickup""",年份、Make、Model、版本、结构均与DIMENSION-ID语义一致,0.9231
Chevrolet Silverado 1500 Pickup 2014-2018 Regular 6.6,2017,Chevrolet,Silverado 1500,Chevrolet Silverado 1500,,Pickup,Regular,6.6,Chevrolet,Silverado 3500,4A全覆盖-MODEL_SIMILAR,待联网审核,4A原子尚无正式映射；语义候选需验证版本、结构和年份,"2017 ""Chevrolet Silverado 3500"" ""Chevrolet Silverado 1500"" ""Pickup""",年份、Make、Model、版本、结构均与DIMENSION-ID语义一致,0.9231
Chevrolet Silverado 1500 Pickup 2014-2018 Regular 8,2017,Chevrolet,Silverado 1500,Chevrolet Silverado 1500,,Pickup,Regular,8,Chevrolet,Silverado 3500,4A全覆盖-MODEL_SIMILAR,待联网审核,4A原子尚无正式映射；语义候选需验证版本、结构和年份,"2017 ""Chevrolet Silverado 3500"" ""Chevrolet Silverado 1500"" ""Pickup""",年份、Make、Model、版本、结构均与DIMENSION-ID语义一致,0.9231
Ford F-350 Super Duty DRW Pickup 2017-2019 Crew 8,2017,Ford,F-350 Super Duty,Ford F-350 Super Duty,DRW,Pickup,Crew,8,Ford,E-350 Super Duty,4A全覆盖-MODEL_SIMILAR,待联网审核,4A原子尚无正式映射；语义候选需验证版本、结构和年份,"2017 ""Ford E-350 Super Duty"" ""Ford F-350 Super Duty"" ""DRW"" ""Pickup""",年份、Make、Model、版本、结构均与DIMENSION-ID语义一致,0.9231
Ford F-350 Super Duty DRW Pickup 2017-2022 Regular 8,2017,Ford,F-350 Super Duty,Ford F-350 Super Duty,DRW,Pickup,Regular,8,Ford,E-350 Super Duty,4A全覆盖-MODEL_SIMILAR,待联网审核,4A原子尚无正式映射；语义候选需验证版本、结构和年份,"2017 ""Ford E-350 Super Duty"" ""Ford F-350 Super Duty"" ""DRW"" ""Pickup""",年份、Make、Model、版本、结构均与DIMENSION-ID语义一致,0.9231
GMC Sierra 1500 Pickup 2014-2018 Crew 5.8,2017,GMC,Sierra 1500,GMC Sierra 1500,,Pickup,Crew,5.8,GMC,Sierra,4A全覆盖-MODEL_CONTAINS,待联网审核,4A原子尚无正式映射；语义候选需验证版本、结构和年份,"2017 ""GMC Sierra"" ""GMC Sierra 1500"" ""Pickup""",年份、Make、Model、版本、结构均与DIMENSION-ID语义一致,0.9000
GMC Sierra 1500 Pickup 2014-2018 Double 6.6,2017,GMC,Sierra 1500,GMC Sierra 1500,,Pickup,Double,6.6,GMC,Sierra,4A全覆盖-MODEL_CONTAINS,待联网审核,4A原子尚无正式映射；语义候选需验证版本、结构和年份,"2017 ""GMC Sierra"" ""GMC Sierra 1500"" ""Pickup""",年份、Make、Model、版本、结构均与DIMENSION-ID语义一致,0.9000
GMC Sierra 1500 Pickup 2014-2018 Regular 6.6,2017,GMC,Sierra 1500,GMC Sierra 1500,,Pickup,Regular,6.6,GMC,Sierra,4A全覆盖-MODEL_CONTAINS,待联网审核,4A原子尚无正式映射；语义候选需验证版本、结构和年份,"2017 ""GMC Sierra"" ""GMC Sierra 1500"" ""Pickup""",年份、Make、Model、版本、结构均与DIMENSION-ID语义一致,0.9000
GMC Sierra 1500 Pickup 2014-2018 Regular 8,2017,GMC,Sierra 1500,GMC Sierra 1500,,Pickup,Regular,8,GMC,Sierra,4A全覆盖-MODEL_CONTAINS,待联网审核,4A原子尚无正式映射；语义候选需验证版本、结构和年份,"2017 ""GMC Sierra"" ""GMC Sierra 1500"" ""Pickup""",年份、Make、Model、版本、结构均与DIMENSION-ID语义一致,0.9000
GMC Sierra 2500HD/3500HD DRW Pickup 2015-2019 Crew 8,2017,GMC,Sierra 2500HD/3500HD,GMC Sierra 2500HD/3500HD,DRW,Pickup,Crew,8,GMC,Sierra,4A全覆盖-MODEL_CONTAINS,待联网审核,4A原子尚无正式映射；语义候选需验证版本、结构和年份,"2017 ""GMC Sierra"" ""GMC Sierra 2500HD/3500HD"" ""DRW"" ""Pickup""",年份、Make、Model、版本、结构均与DIMENSION-ID语义一致,0.9000
Kia Forte Forte5 Hatchback 2014-2018,2017,Kia,Forte,Kia Forte,Forte5,Hatchback,,,Kia,Forte5,4A全覆盖-VERSION_EXACT,待联网审核,4A原子尚无正式映射；语义候选需验证版本、结构和年份,"2017 ""Kia Forte5"" ""Kia Forte"" ""Forte5"" ""Hatchback""",年份、Make、Model、版本、结构均与DIMENSION-ID语义一致,0.9900
Kia Forte Sedan 2014-2018,2017,Kia,Forte,Kia Forte,,Sedan,,,Kia,Forte5,4A全覆盖-MODEL_CONTAINS,待联网审核,4A原子尚无正式映射；语义候选需验证版本、结构和年份,"2017 ""Kia Forte5"" ""Kia Forte"" ""Sedan""",年份、Make、Model、版本、结构均与DIMENSION-ID语义一致,0.9000
Nissan Versa Note Hatchback 2014-2019,2017,Nissan,Versa Note,Nissan Versa Note,,Hatchback,,,Nissan,Note,4A全覆盖-MODEL_CONTAINS,待联网审核,4A原子尚无正式映射；语义候选需验证版本、结构和年份,"2017 ""Nissan Note"" ""Nissan Versa Note"" ""Hatchback""",年份、Make、Model、版本、结构均与DIMENSION-ID语义一致,0.9000
Nissan Frontier Pickup 2005-2021 Crew 5,2017,Nissan,Frontier,Nissan Frontier,,Pickup,Crew,5,Nissan,NP300 Frontier,4A全覆盖-MODEL_CONTAINS,待联网审核,4A原子尚无正式映射；语义候选需验证版本、结构和年份,"2017 ""Nissan NP300 Frontier"" ""Nissan Frontier"" ""Pickup""",年份、Make、Model、版本、结构均与DIMENSION-ID语义一致,0.9000
Nissan Frontier Pickup 2005-2021 Crew 6,2017,Nissan,Frontier,Nissan Frontier,,Pickup,Crew,6,Nissan,NP300 Frontier,4A全覆盖-MODEL_CONTAINS,待联网审核,4A原子尚无正式映射；语义候选需验证版本、结构和年份,"2017 ""Nissan NP300 Frontier"" ""Nissan Frontier"" ""Pickup""",年份、Make、Model、版本、结构均与DIMENSION-ID语义一致,0.9000
Nissan Frontier Pickup 2017 King 6,2017,Nissan,Frontier,Nissan Frontier,,Pickup,King,6,Nissan,NP300 Frontier,4A全覆盖-MODEL_CONTAINS,待联网审核,4A原子尚无正式映射；语义候选需验证版本、结构和年份,"2017 ""Nissan NP300 Frontier"" ""Nissan Frontier"" ""Pickup""",年份、Make、Model、版本、结构均与DIMENSION-ID语义一致,0.9000
Ram 2500/3500 Pickup 2010-2018 Crew 6.4,2017,Ram,2500/3500,Ram 2500/3500,,Pickup,Crew,6.4,Ram,2500,4A全覆盖-MODEL_COMPONENT_EXACT,待联网审核,4A原子尚无正式映射；语义候选需验证版本、结构和年份,"2017 ""Ram 2500"" ""Ram 2500/3500"" ""Pickup""",年份、Make、Model、版本、结构均与DIMENSION-ID语义一致,0.9700
Ram 2500/3500 Pickup 2010-2018 Crew 8,2017,Ram,2500/3500,Ram 2500/3500,,Pickup,Crew,8,Ram,2500,4A全覆盖-MODEL_COMPONENT_EXACT,待联网审核,4A原子尚无正式映射；语义候选需验证版本、结构和年份,"2017 ""Ram 2500"" ""Ram 2500/3500"" ""Pickup""",年份、Make、Model、版本、结构均与DIMENSION-ID语义一致,0.9700
Ram 2500/3500 Pickup 2010-2018 Mega 6.4,2017,Ram,2500/3500,Ram 2500/3500,,Pickup,Mega,6.4,Ram,2500,4A全覆盖-MODEL_COMPONENT_EXACT,待联网审核,4A原子尚无正式映射；语义候选需验证版本、结构和年份,"2017 ""Ram 2500"" ""Ram 2500/3500"" ""Pickup""",年份、Make、Model、版本、结构均与DIMENSION-ID语义一致,0.9700
Ram 2500/3500 Pickup 2010-2018 Regular 8,2017,Ram,2500/3500,Ram 2500/3500,,Pickup,Regular,8,Ram,2500,4A全覆盖-MODEL_COMPONENT_EXACT,待联网审核,4A原子尚无正式映射；语义候选需验证版本、结构和年份,"2017 ""Ram 2500"" ""Ram 2500/3500"" ""Pickup""",年份、Make、Model、版本、结构均与DIMENSION-ID语义一致,0.9700
Ram 1500 Pickup 2009-2018 Crew 6.4,2017,Ram,1500,Ram 1500,,Pickup,Crew,6.4,Ram,ProMaster 1500,4A全覆盖-MODEL_CONTAINS,待联网审核,4A原子尚无正式映射；语义候选需验证版本、结构和年份,"2017 ""Ram ProMaster 1500"" ""Ram 1500"" ""Pickup""",年份、Make、Model、版本、结构均与DIMENSION-ID语义一致,0.9000
Ram 1500 Pickup 2009-2018 Quad 6.4,2017,Ram,1500,Ram 1500,,Pickup,Quad,6.4,Ram,ProMaster 1500,4A全覆盖-MODEL_CONTAINS,待联网审核,4A原子尚无正式映射；语义候选需验证版本、结构和年份,"2017 ""Ram ProMaster 1500"" ""Ram 1500"" ""Pickup""",年份、Make、Model、版本、结构均与DIMENSION-ID语义一致,0.9000
Ram 1500 Pickup 2009-2018 Regular 6.4,2017,Ram,1500,Ram 1500,,Pickup,Regular,6.4,Ram,ProMaster 1500,4A全覆盖-MODEL_CONTAINS,待联网审核,4A原子尚无正式映射；语义候选需验证版本、结构和年份,"2017 ""Ram ProMaster 1500"" ""Ram 1500"" ""Pickup""",年份、Make、Model、版本、结构均与DIMENSION-ID语义一致,0.9000
Ram 1500 Pickup 2009-2018 Regular 8,2017,Ram,1500,Ram 1500,,Pickup,Regular,8,Ram,ProMaster 1500,4A全覆盖-MODEL_CONTAINS,待联网审核,4A原子尚无正式映射；语义候选需验证版本、结构和年份,"2017 ""Ram ProMaster 1500"" ""Ram 1500"" ""Pickup""",年份、Make、Model、版本、结构均与DIMENSION-ID语义一致,0.9000
Ram 1500 Pickup 2014-2018 Crew 5.6,2017,Ram,1500,Ram 1500,,Pickup,Crew,5.6,Ram,ProMaster 1500,4A全覆盖-MODEL_CONTAINS,待联网审核,4A原子尚无正式映射；语义候选需验证版本、结构和年份,"2017 ""Ram ProMaster 1500"" ""Ram 1500"" ""Pickup""",年份、Make、Model、版本、结构均与DIMENSION-ID语义一致,0.9000
Volkswagen Golf GTI Hatchback 2015-2017,2017,Volkswagen,Golf,Volkswagen Golf,GTI,Hatchback,,,Volkswagen,e-Golf,4A全覆盖-MODEL_CONTAINS,待联网审核,4A原子尚无正式映射；语义候选需验证版本、结构和年份,"2017 ""Volkswagen e-Golf"" ""Volkswagen Golf"" ""GTI"" ""Hatchback""",年份、Make、Model、版本、结构均与DIMENSION-ID语义一致,0.9000
Volkswagen Golf Hatchback 2016-2017,2017,Volkswagen,Golf,Volkswagen Golf,,Hatchback,,,Volkswagen,e-Golf,4A全覆盖-MODEL_CONTAINS,待联网审核,4A原子尚无正式映射；语义候选需验证版本、结构和年份,"2017 ""Volkswagen e-Golf"" ""Volkswagen Golf"" ""Hatchback""",年份、Make、Model、版本、结构均与DIMENSION-ID语义一致,0.9000
Volkswagen Golf GTI Hatchback 2015-2017,2017,Volkswagen,Golf,Volkswagen Golf,GTI,Hatchback,,,Volkswagen,GTI,4A全覆盖-VERSION_EXACT,待联网审核,4A原子尚无正式映射；语义候选需验证版本、结构和年份,"2017 ""Volkswagen GTI"" ""Volkswagen Golf"" ""GTI"" ""Hatchback""",年份、Make、Model、版本、结构均与DIMENSION-ID语义一致,0.9900
Volvo S60 Sedan 2012-2018,2017,Volvo,S60,Volvo S60,,Sedan,,,Volvo,S60,4A全覆盖-MODEL_EXACT,待联网审核,4A原子尚无正式映射；语义候选需验证版本、结构和年份,"2017 ""Volvo S60"" ""Volvo S60"" ""Sedan""",年份、Make、Model、版本、结构均与DIMENSION-ID语义一致,1.0000
Chevrolet Silverado 1500 Pickup 2014-2018 Crew 5.8,2018,Chevrolet,Silverado 1500,Chevrolet Silverado 1500,,Pickup,Crew,5.8,Chevrolet,Silverado 2500,4A全覆盖-MODEL_SIMILAR,待联网审核,4A原子尚无正式映射；语义候选需验证版本、结构和年份,"2018 ""Chevrolet Silverado 2500"" ""Chevrolet Silverado 1500"" ""Pickup""",年份、Make、Model、版本、结构均与DIMENSION-ID语义一致,0.9231
Chevrolet Silverado 1500 Pickup 2014-2018 Double 6.6,2018,Chevrolet,Silverado 1500,Chevrolet Silverado 1500,,Pickup,Double,6.6,Chevrolet,Silverado 2500,4A全覆盖-MODEL_SIMILAR,待联网审核,4A原子尚无正式映射；语义候选需验证版本、结构和年份,"2018 ""Chevrolet Silverado 2500"" ""Chevrolet Silverado 1500"" ""Pickup""",年份、Make、Model、版本、结构均与DIMENSION-ID语义一致,0.9231
Chevrolet Silverado 1500 Pickup 2014-2018 Regular 6.6,2018,Chevrolet,Silverado 1500,Chevrolet Silverado 1500,,Pickup,Regular,6.6,Chevrolet,Silverado 2500,4A全覆盖-MODEL_SIMILAR,待联网审核,4A原子尚无正式映射；语义候选需验证版本、结构和年份,"2018 ""Chevrolet Silverado 2500"" ""Chevrolet Silverado 1500"" ""Pickup""",年份、Make、Model、版本、结构均与DIMENSION-ID语义一致,0.9231
Chevrolet Silverado 1500 Pickup 2014-2018 Regular 8,2018,Chevrolet,Silverado 1500,Chevrolet Silverado 1500,,Pickup,Regular,8,Chevrolet,Silverado 2500,4A全覆盖-MODEL_SIMILAR,待联网审核,4A原子尚无正式映射；语义候选需验证版本、结构和年份,"2018 ""Chevrolet Silverado 2500"" ""Chevrolet Silverado 1500"" ""Pickup""",年份、Make、Model、版本、结构均与DIMENSION-ID语义一致,0.9231
Chevrolet Silverado 2500HD/3500HD DRW Pickup 2015-2018 Crew 8,2018,Chevrolet,Silverado 2500HD/3500HD,Chevrolet Silverado 2500HD/3500HD,DRW,Pickup,Crew,8,Chevrolet,Silverado 2500,4A全覆盖-MODEL_CONTAINS,待联网审核,4A原子尚无正式映射；语义候选需验证版本、结构和年份,"2018 ""Chevrolet Silverado 2500"" ""Chevrolet Silverado 2500HD/3500HD"" ""DRW"" ""Pickup""",年份、Make、Model、版本、结构均与DIMENSION-ID语义一致,0.9000
Chevrolet Silverado 1500 Pickup 2014-2018 Crew 5.8,2018,Chevrolet,Silverado 1500,Chevrolet Silverado 1500,,Pickup,Crew,5.8,Chevrolet,Silverado 3500,4A全覆盖-MODEL_SIMILAR,待联网审核,4A原子尚无正式映射；语义候选需验证版本、结构和年份,"2018 ""Chevrolet Silverado 3500"" ""Chevrolet Silverado 1500"" ""Pickup""",年份、Make、Model、版本、结构均与DIMENSION-ID语义一致,0.9231
Chevrolet Silverado 1500 Pickup 2014-2018 Double 6.6,2018,Chevrolet,Silverado 1500,Chevrolet Silverado 1500,,Pickup,Double,6.6,Chevrolet,Silverado 3500,4A全覆盖-MODEL_SIMILAR,待联网审核,4A原子尚无正式映射；语义候选需验证版本、结构和年份,"2018 ""Chevrolet Silverado 3500"" ""Chevrolet Silverado 1500"" ""Pickup""",年份、Make、Model、版本、结构均与DIMENSION-ID语义一致,0.9231
Chevrolet Silverado 1500 Pickup 2014-2018 Regular 6.6,2018,Chevrolet,Silverado 1500,Chevrolet Silverado 1500,,Pickup,Regular,6.6,Chevrolet,Silverado 3500,4A全覆盖-MODEL_SIMILAR,待联网审核,4A原子尚无正式映射；语义候选需验证版本、结构和年份,"2018 ""Chevrolet Silverado 3500"" ""Chevrolet Silverado 1500"" ""Pickup""",年份、Make、Model、版本、结构均与DIMENSION-ID语义一致,0.9231
Chevrolet Silverado 1500 Pickup 2014-2018 Regular 8,2018,Chevrolet,Silverado 1500,Chevrolet Silverado 1500,,Pickup,Regular,8,Chevrolet,Silverado 3500,4A全覆盖-MODEL_SIMILAR,待联网审核,4A原子尚无正式映射；语义候选需验证版本、结构和年份,"2018 ""Chevrolet Silverado 3500"" ""Chevrolet Silverado 1500"" ""Pickup""",年份、Make、Model、版本、结构均与DIMENSION-ID语义一致,0.9231
Ford F-350 Super Duty DRW Pickup 2017-2019 Crew 8,2018,Ford,F-350 Super Duty,Ford F-350 Super Duty,DRW,Pickup,Crew,8,Ford,E-350 Super Duty,4A全覆盖-MODEL_SIMILAR,待联网审核,4A原子尚无正式映射；语义候选需验证版本、结构和年份,"2018 ""Ford E-350 Super Duty"" ""Ford F-350 Super Duty"" ""DRW"" ""Pickup""",年份、Make、Model、版本、结构均与DIMENSION-ID语义一致,0.9231
Ford F-350 Super Duty DRW Pickup 2017-2022 Regular 8,2018,Ford,F-350 Super Duty,Ford F-350 Super Duty,DRW,Pickup,Regular,8,Ford,E-350 Super Duty,4A全覆盖-MODEL_SIMILAR,待联网审核,4A原子尚无正式映射；语义候选需验证版本、结构和年份,"2018 ""Ford E-350 Super Duty"" ""Ford F-350 Super Duty"" ""DRW"" ""Pickup""",年份、Make、Model、版本、结构均与DIMENSION-ID语义一致,0.9231
GMC Sierra 1500 Pickup 2014-2018 Crew 5.8,2018,GMC,Sierra 1500,GMC Sierra 1500,,Pickup,Crew,5.8,GMC,Sierra,4A全覆盖-MODEL_CONTAINS,待联网审核,4A原子尚无正式映射；语义候选需验证版本、结构和年份,"2018 ""GMC Sierra"" ""GMC Sierra 1500"" ""Pickup""",年份、Make、Model、版本、结构均与DIMENSION-ID语义一致,0.9000
GMC Sierra 1500 Pickup 2014-2018 Double 6.6,2018,GMC,Sierra 1500,GMC Sierra 1500,,Pickup,Double,6.6,GMC,Sierra,4A全覆盖-MODEL_CONTAINS,待联网审核,4A原子尚无正式映射；语义候选需验证版本、结构和年份,"2018 ""GMC Sierra"" ""GMC Sierra 1500"" ""Pickup""",年份、Make、Model、版本、结构均与DIMENSION-ID语义一致,0.9000
GMC Sierra 1500 Pickup 2014-2018 Regular 6.6,2018,GMC,Sierra 1500,GMC Sierra 1500,,Pickup,Regular,6.6,GMC,Sierra,4A全覆盖-MODEL_CONTAINS,待联网审核,4A原子尚无正式映射；语义候选需验证版本、结构和年份,"2018 ""GMC Sierra"" ""GMC Sierra 1500"" ""Pickup""",年份、Make、Model、版本、结构均与DIMENSION-ID语义一致,0.9000
GMC Sierra 1500 Pickup 2014-2018 Regular 8,2018,GMC,Sierra 1500,GMC Sierra 1500,,Pickup,Regular,8,GMC,Sierra,4A全覆盖-MODEL_CONTAINS,待联网审核,4A原子尚无正式映射；语义候选需验证版本、结构和年份,"2018 ""GMC Sierra"" ""GMC Sierra 1500"" ""Pickup""",年份、Make、Model、版本、结构均与DIMENSION-ID语义一致,0.9000
GMC Sierra 2500HD/3500HD DRW Pickup 2015-2019 Crew 8,2018,GMC,Sierra 2500HD/3500HD,GMC Sierra 2500HD/3500HD,DRW,Pickup,Crew,8,GMC,Sierra,4A全覆盖-MODEL_CONTAINS,待联网审核,4A原子尚无正式映射；语义候选需验证版本、结构和年份,"2018 ""GMC Sierra"" ""GMC Sierra 2500HD/3500HD"" ""DRW"" ""Pickup""",年份、Make、Model、版本、结构均与DIMENSION-ID语义一致,0.9000
Jeep Wrangler 2dr SUV 2015-2018,2018,Jeep,Wrangler,Jeep Wrangler,2dr,SUV,,,Jeep,Wrangler JK,4A全覆盖-MODEL_CONTAINS,待联网审核,4A原子尚无正式映射；语义候选需验证版本、结构和年份,"2018 ""Jeep Wrangler JK"" ""Jeep Wrangler"" ""2dr"" ""SUV""",年份、Make、Model、版本、结构均与DIMENSION-ID语义一致,0.9000
Jeep Wrangler 2dr SUV 2018-2026,2018,Jeep,Wrangler,Jeep Wrangler,2dr,SUV,,,Jeep,Wrangler JK,4A全覆盖-MODEL_CONTAINS,待联网审核,4A原子尚无正式映射；语义候选需验证版本、结构和年份,"2018 ""Jeep Wrangler JK"" ""Jeep Wrangler"" ""2dr"" ""SUV""",年份、Make、Model、版本、结构均与DIMENSION-ID语义一致,0.9000
Jeep Wrangler 4dr Unlimited SUV 2013-2018,2018,Jeep,Wrangler,Jeep Wrangler,4dr Unlimited,SUV,,,Jeep,Wrangler JK,4A全覆盖-MODEL_CONTAINS,待联网审核,4A原子尚无正式映射；语义候选需验证版本、结构和年份,"2018 ""Jeep Wrangler JK"" ""Jeep Wrangler"" ""4dr Unlimited"" ""SUV""",年份、Make、Model、版本、结构均与DIMENSION-ID语义一致,0.9000
Jeep Wrangler 4dr Unlimited SUV 2018-2026,2018,Jeep,Wrangler,Jeep Wrangler,4dr Unlimited,SUV,,,Jeep,Wrangler JK,4A全覆盖-MODEL_CONTAINS,待联网审核,4A原子尚无正式映射；语义候选需验证版本、结构和年份,"2018 ""Jeep Wrangler JK"" ""Jeep Wrangler"" ""4dr Unlimited"" ""SUV""",年份、Make、Model、版本、结构均与DIMENSION-ID语义一致,0.9000
Kia Forte Forte5 Hatchback 2014-2018,2018,Kia,Forte,Kia Forte,Forte5,Hatchback,,,Kia,Forte5,4A全覆盖-VERSION_EXACT,待联网审核,4A原子尚无正式映射；语义候选需验证版本、结构和年份,"2018 ""Kia Forte5"" ""Kia Forte"" ""Forte5"" ""Hatchback""",年份、Make、Model、版本、结构均与DIMENSION-ID语义一致,0.9900
Kia Forte Sedan 2014-2018,2018,Kia,Forte,Kia Forte,,Sedan,,,Kia,Forte5,4A全覆盖-MODEL_CONTAINS,待联网审核,4A原子尚无正式映射；语义候选需验证版本、结构和年份,"2018 ""Kia Forte5"" ""Kia Forte"" ""Sedan""",年份、Make、Model、版本、结构均与DIMENSION-ID语义一致,0.9000
Nissan Versa Note Hatchback 2014-2019,2018,Nissan,Versa Note,Nissan Versa Note,,Hatchback,,,Nissan,Note,4A全覆盖-MODEL_CONTAINS,待联网审核,4A原子尚无正式映射；语义候选需验证版本、结构和年份,"2018 ""Nissan Note"" ""Nissan Versa Note"" ""Hatchback""",年份、Make、Model、版本、结构均与DIMENSION-ID语义一致,0.9000
Nissan Frontier Pickup 2005-2021 Crew 5,2018,Nissan,Frontier,Nissan Frontier,,Pickup,Crew,5,Nissan,NP300 Frontier,4A全覆盖-MODEL_CONTAINS,待联网审核,4A原子尚无正式映射；语义候选需验证版本、结构和年份,"2018 ""Nissan NP300 Frontier"" ""Nissan Frontier"" ""Pickup""",年份、Make、Model、版本、结构均与DIMENSION-ID语义一致,0.9000
Nissan Frontier Pickup 2005-2021 Crew 6,2018,Nissan,Frontier,Nissan Frontier,,Pickup,Crew,6,Nissan,NP300 Frontier,4A全覆盖-MODEL_CONTAINS,待联网审核,4A原子尚无正式映射；语义候选需验证版本、结构和年份,"2018 ""Nissan NP300 Frontier"" ""Nissan Frontier"" ""Pickup""",年份、Make、Model、版本、结构均与DIMENSION-ID语义一致,0.9000
Nissan Frontier Pickup 2018-2021 King 6,2018,Nissan,Frontier,Nissan Frontier,,Pickup,King,6,Nissan,NP300 Frontier,4A全覆盖-MODEL_CONTAINS,待联网审核,4A原子尚无正式映射；语义候选需验证版本、结构和年份,"2018 ""Nissan NP300 Frontier"" ""Nissan Frontier"" ""Pickup""",年份、Make、Model、版本、结构均与DIMENSION-ID语义一致,0.9000
Ram 2500/3500 Pickup 2010-2018 Crew 6.4,2018,Ram,2500/3500,Ram 2500/3500,,Pickup,Crew,6.4,Ram,2500,4A全覆盖-MODEL_COMPONENT_EXACT,待联网审核,4A原子尚无正式映射；语义候选需验证版本、结构和年份,"2018 ""Ram 2500"" ""Ram 2500/3500"" ""Pickup""",年份、Make、Model、版本、结构均与DIMENSION-ID语义一致,0.9700
Ram 2500/3500 Pickup 2010-2018 Crew 8,2018,Ram,2500/3500,Ram 2500/3500,,Pickup,Crew,8,Ram,2500,4A全覆盖-MODEL_COMPONENT_EXACT,待联网审核,4A原子尚无正式映射；语义候选需验证版本、结构和年份,"2018 ""Ram 2500"" ""Ram 2500/3500"" ""Pickup""",年份、Make、Model、版本、结构均与DIMENSION-ID语义一致,0.9700
Ram 2500/3500 Pickup 2010-2018 Mega 6.4,2018,Ram,2500/3500,Ram 2500/3500,,Pickup,Mega,6.4,Ram,2500,4A全覆盖-MODEL_COMPONENT_EXACT,待联网审核,4A原子尚无正式映射；语义候选需验证版本、结构和年份,"2018 ""Ram 2500"" ""Ram 2500/3500"" ""Pickup""",年份、Make、Model、版本、结构均与DIMENSION-ID语义一致,0.9700
Ram 2500/3500 Pickup 2010-2018 Regular 8,2018,Ram,2500/3500,Ram 2500/3500,,Pickup,Regular,8,Ram,2500,4A全覆盖-MODEL_COMPONENT_EXACT,待联网审核,4A原子尚无正式映射；语义候选需验证版本、结构和年份,"2018 ""Ram 2500"" ""Ram 2500/3500"" ""Pickup""",年份、Make、Model、版本、结构均与DIMENSION-ID语义一致,0.9700
Ram 1500 Pickup 2009-2018 Crew 6.4,2018,Ram,1500,Ram 1500,,Pickup,Crew,6.4,Ram,ProMaster 1500,4A全覆盖-MODEL_CONTAINS,待联网审核,4A原子尚无正式映射；语义候选需验证版本、结构和年份,"2018 ""Ram ProMaster 1500"" ""Ram 1500"" ""Pickup""",年份、Make、Model、版本、结构均与DIMENSION-ID语义一致,0.9000
Ram 1500 Pickup 2009-2018 Quad 6.4,2018,Ram,1500,Ram 1500,,Pickup,Quad,6.4,Ram,ProMaster 1500,4A全覆盖-MODEL_CONTAINS,待联网审核,4A原子尚无正式映射；语义候选需验证版本、结构和年份,"2018 ""Ram ProMaster 1500"" ""Ram 1500"" ""Pickup""",年份、Make、Model、版本、结构均与DIMENSION-ID语义一致,0.9000
Ram 1500 Pickup 2009-2018 Regular 6.4,2018,Ram,1500,Ram 1500,,Pickup,Regular,6.4,Ram,ProMaster 1500,4A全覆盖-MODEL_CONTAINS,待联网审核,4A原子尚无正式映射；语义候选需验证版本、结构和年份,"2018 ""Ram ProMaster 1500"" ""Ram 1500"" ""Pickup""",年份、Make、Model、版本、结构均与DIMENSION-ID语义一致,0.9000
Ram 1500 Pickup 2009-2018 Regular 8,2018,Ram,1500,Ram 1500,,Pickup,Regular,8,Ram,ProMaster 1500,4A全覆盖-MODEL_CONTAINS,待联网审核,4A原子尚无正式映射；语义候选需验证版本、结构和年份,"2018 ""Ram ProMaster 1500"" ""Ram 1500"" ""Pickup""",年份、Make、Model、版本、结构均与DIMENSION-ID语义一致,0.9000
Ram 1500 Pickup 2014-2018 Crew 5.6,2018,Ram,1500,Ram 1500,,Pickup,Crew,5.6,Ram,ProMaster 1500,4A全覆盖-MODEL_CONTAINS,待联网审核,4A原子尚无正式映射；语义候选需验证版本、结构和年份,"2018 ""Ram ProMaster 1500"" ""Ram 1500"" ""Pickup""",年份、Make、Model、版本、结构均与DIMENSION-ID语义一致,0.9000
Volkswagen Golf GTI Hatchback 2018-2021,2018,Volkswagen,Golf,Volkswagen Golf,GTI,Hatchback,,,Volkswagen,e-Golf,4A全覆盖-MODEL_CONTAINS,待联网审核,4A原子尚无正式映射；语义候选需验证版本、结构和年份,"2018 ""Volkswagen e-Golf"" ""Volkswagen Golf"" ""GTI"" ""Hatchback""",年份、Make、Model、版本、结构均与DIMENSION-ID语义一致,0.9000
Volkswagen Golf Hatchback 2018-2021,2018,Volkswagen,Golf,Volkswagen Golf,,Hatchback,,,Volkswagen,e-Golf,4A全覆盖-MODEL_CONTAINS,待联网审核,4A原子尚无正式映射；语义候选需验证版本、结构和年份,"2018 ""Volkswagen e-Golf"" ""Volkswagen Golf"" ""Hatchback""",年份、Make、Model、版本、结构均与DIMENSION-ID语义一致,0.9000
Volkswagen Golf R Hatchback 2018-2019,2018,Volkswagen,Golf,Volkswagen Golf,R,Hatchback,,,Volkswagen,e-Golf,4A全覆盖-MODEL_CONTAINS,待联网审核,4A原子尚无正式映射；语义候选需验证版本、结构和年份,"2018 ""Volkswagen e-Golf"" ""Volkswagen Golf"" ""R"" ""Hatchback""",年份、Make、Model、版本、结构均与DIMENSION-ID语义一致,0.9000
Volkswagen Golf Wagon 2018-2019,2018,Volkswagen,Golf,Volkswagen Golf,,Wagon,,,Volkswagen,e-Golf,4A全覆盖-MODEL_CONTAINS,待联网审核,4A原子尚无正式映射；语义候选需验证版本、结构和年份,"2018 ""Volkswagen e-Golf"" ""Volkswagen Golf"" ""Wagon""",年份、Make、Model、版本、结构均与DIMENSION-ID语义一致,0.9000
Volkswagen Golf GTI Hatchback 2018-2021,2018,Volkswagen,Golf,Volkswagen Golf,GTI,Hatchback,,,Volkswagen,GTI,4A全覆盖-VERSION_EXACT,待联网审核,4A原子尚无正式映射；语义候选需验证版本、结构和年份,"2018 ""Volkswagen GTI"" ""Volkswagen Golf"" ""GTI"" ""Hatchback""",年份、Make、Model、版本、结构均与DIMENSION-ID语义一致,0.9900
Volvo S60 Sedan 2012-2018,2018,Volvo,S60,Volvo S60,,Sedan,,,Volvo,S60,4A全覆盖-MODEL_EXACT,待联网审核,4A原子尚无正式映射；语义候选需验证版本、结构和年份,"2018 ""Volvo S60"" ""Volvo S60"" ""Sedan""",年份、Make、Model、版本、结构均与DIMENSION-ID语义一致,1.0000
Ford F-350 Super Duty DRW Pickup 2017-2019 Crew 8,2019,Ford,F-350 Super Duty,Ford F-350 Super Duty,DRW,Pickup,Crew,8,Ford,E-350 Super Duty,4A全覆盖-MODEL_SIMILAR,待联网审核,4A原子尚无正式映射；语义候选需验证版本、结构和年份,"2019 ""Ford E-350 Super Duty"" ""Ford F-350 Super Duty"" ""DRW"" ""Pickup""",年份、Make、Model、版本、结构均与DIMENSION-ID语义一致,0.9231
Ford F-350 Super Duty DRW Pickup 2017-2022 Regular 8,2019,Ford,F-350 Super Duty,Ford F-350 Super Duty,DRW,Pickup,Regular,8,Ford,E-350 Super Duty,4A全覆盖-MODEL_SIMILAR,待联网审核,4A原子尚无正式映射；语义候选需验证版本、结构和年份,"2019 ""Ford E-350 Super Duty"" ""Ford F-350 Super Duty"" ""DRW"" ""Pickup""",年份、Make、Model、版本、结构均与DIMENSION-ID语义一致,0.9231
GMC Sierra 1500 Pickup 2019-2026 Crew 5.8,2019,GMC,Sierra 1500,GMC Sierra 1500,,Pickup,Crew,5.8,GMC,Sierra,4A全覆盖-MODEL_CONTAINS,待联网审核,4A原子尚无正式映射；语义候选需验证版本、结构和年份,"2019 ""GMC Sierra"" ""GMC Sierra 1500"" ""Pickup""",年份、Make、Model、版本、结构均与DIMENSION-ID语义一致,0.9000
GMC Sierra 1500 Pickup 2019-2026 Double 6.6,2019,GMC,Sierra 1500,GMC Sierra 1500,,Pickup,Double,6.6,GMC,Sierra,4A全覆盖-MODEL_CONTAINS,待联网审核,4A原子尚无正式映射；语义候选需验证版本、结构和年份,"2019 ""GMC Sierra"" ""GMC Sierra 1500"" ""Pickup""",年份、Make、Model、版本、结构均与DIMENSION-ID语义一致,0.9000
GMC Sierra 1500 Pickup 2019-2026 Regular 6.6,2019,GMC,Sierra 1500,GMC Sierra 1500,,Pickup,Regular,6.6,GMC,Sierra,4A全覆盖-MODEL_CONTAINS,待联网审核,4A原子尚无正式映射；语义候选需验证版本、结构和年份,"2019 ""GMC Sierra"" ""GMC Sierra 1500"" ""Pickup""",年份、Make、Model、版本、结构均与DIMENSION-ID语义一致,0.9000
GMC Sierra 1500 Pickup 2019-2026 Regular 8,2019,GMC,Sierra 1500,GMC Sierra 1500,,Pickup,Regular,8,GMC,Sierra,4A全覆盖-MODEL_CONTAINS,待联网审核,4A原子尚无正式映射；语义候选需验证版本、结构和年份,"2019 ""GMC Sierra"" ""GMC Sierra 1500"" ""Pickup""",年份、Make、Model、版本、结构均与DIMENSION-ID语义一致,0.9000
GMC Sierra 2500HD/3500HD DRW Pickup 2015-2019 Crew 8,2019,GMC,Sierra 2500HD/3500HD,GMC Sierra 2500HD/3500HD,DRW,Pickup,Crew,8,GMC,Sierra,4A全覆盖-MODEL_CONTAINS,待联网审核,4A原子尚无正式映射；语义候选需验证版本、结构和年份,"2019 ""GMC Sierra"" ""GMC Sierra 2500HD/3500HD"" ""DRW"" ""Pickup""",年份、Make、Model、版本、结构均与DIMENSION-ID语义一致,0.9000
GMC Sierra 1500 Pickup 2019-2026 Crew 5.8,2019,GMC,Sierra 1500,GMC Sierra 1500,,Pickup,Crew,5.8,GMC,Sierra 1500 Limited,4A全覆盖-MODEL_CONTAINS,待联网审核,4A原子尚无正式映射；语义候选需验证版本、结构和年份,"2019 ""GMC Sierra 1500 Limited"" ""GMC Sierra 1500"" ""Pickup""",年份、Make、Model、版本、结构均与DIMENSION-ID语义一致,0.9000
GMC Sierra 1500 Pickup 2019-2026 Double 6.6,2019,GMC,Sierra 1500,GMC Sierra 1500,,Pickup,Double,6.6,GMC,Sierra 1500 Limited,4A全覆盖-MODEL_CONTAINS,待联网审核,4A原子尚无正式映射；语义候选需验证版本、结构和年份,"2019 ""GMC Sierra 1500 Limited"" ""GMC Sierra 1500"" ""Pickup""",年份、Make、Model、版本、结构均与DIMENSION-ID语义一致,0.9000
GMC Sierra 1500 Pickup 2019-2026 Regular 6.6,2019,GMC,Sierra 1500,GMC Sierra 1500,,Pickup,Regular,6.6,GMC,Sierra 1500 Limited,4A全覆盖-MODEL_CONTAINS,待联网审核,4A原子尚无正式映射；语义候选需验证版本、结构和年份,"2019 ""GMC Sierra 1500 Limited"" ""GMC Sierra 1500"" ""Pickup""",年份、Make、Model、版本、结构均与DIMENSION-ID语义一致,0.9000
GMC Sierra 1500 Pickup 2019-2026 Regular 8,2019,GMC,Sierra 1500,GMC Sierra 1500,,Pickup,Regular,8,GMC,Sierra 1500 Limited,4A全覆盖-MODEL_CONTAINS,待联网审核,4A原子尚无正式映射；语义候选需验证版本、结构和年份,"2019 ""GMC Sierra 1500 Limited"" ""GMC Sierra 1500"" ""Pickup""",年份、Make、Model、版本、结构均与DIMENSION-ID语义一致,0.9000
Nissan Versa Note Hatchback 2014-2019,2019,Nissan,Versa Note,Nissan Versa Note,,Hatchback,,,Nissan,Note,4A全覆盖-MODEL_CONTAINS,待联网审核,4A原子尚无正式映射；语义候选需验证版本、结构和年份,"2019 ""Nissan Note"" ""Nissan Versa Note"" ""Hatchback""",年份、Make、Model、版本、结构均与DIMENSION-ID语义一致,0.9000
Nissan Frontier Pickup 2005-2021 Crew 5,2019,Nissan,Frontier,Nissan Frontier,,Pickup,Crew,5,Nissan,NP300 Frontier,4A全覆盖-MODEL_CONTAINS,待联网审核,4A原子尚无正式映射；语义候选需验证版本、结构和年份,"2019 ""Nissan NP300 Frontier"" ""Nissan Frontier"" ""Pickup""",年份、Make、Model、版本、结构均与DIMENSION-ID语义一致,0.9000
Nissan Frontier Pickup 2005-2021 Crew 6,2019,Nissan,Frontier,Nissan Frontier,,Pickup,Crew,6,Nissan,NP300 Frontier,4A全覆盖-MODEL_CONTAINS,待联网审核,4A原子尚无正式映射；语义候选需验证版本、结构和年份,"2019 ""Nissan NP300 Frontier"" ""Nissan Frontier"" ""Pickup""",年份、Make、Model、版本、结构均与DIMENSION-ID语义一致,0.9000
Nissan Frontier Pickup 2018-2021 King 6,2019,Nissan,Frontier,Nissan Frontier,,Pickup,King,6,Nissan,NP300 Frontier,4A全覆盖-MODEL_CONTAINS,待联网审核,4A原子尚无正式映射；语义候选需验证版本、结构和年份,"2019 ""Nissan NP300 Frontier"" ""Nissan Frontier"" ""Pickup""",年份、Make、Model、版本、结构均与DIMENSION-ID语义一致,0.9000
Ram 2500/3500 Pickup 2019-2026 Crew 6.4,2019,Ram,2500/3500,Ram 2500/3500,,Pickup,Crew,6.4,Ram,2500,4A全覆盖-MODEL_COMPONENT_EXACT,待联网审核,4A原子尚无正式映射；语义候选需验证版本、结构和年份,"2019 ""Ram 2500"" ""Ram 2500/3500"" ""Pickup""",年份、Make、Model、版本、结构均与DIMENSION-ID语义一致,0.9700
Ram 2500/3500 Pickup 2019-2026 Crew 8,2019,Ram,2500/3500,Ram 2500/3500,,Pickup,Crew,8,Ram,2500,4A全覆盖-MODEL_COMPONENT_EXACT,待联网审核,4A原子尚无正式映射；语义候选需验证版本、结构和年份,"2019 ""Ram 2500"" ""Ram 2500/3500"" ""Pickup""",年份、Make、Model、版本、结构均与DIMENSION-ID语义一致,0.9700
Ram 2500/3500 Pickup 2019-2026 Mega 6.4,2019,Ram,2500/3500,Ram 2500/3500,,Pickup,Mega,6.4,Ram,2500,4A全覆盖-MODEL_COMPONENT_EXACT,待联网审核,4A原子尚无正式映射；语义候选需验证版本、结构和年份,"2019 ""Ram 2500"" ""Ram 2500/3500"" ""Pickup""",年份、Make、Model、版本、结构均与DIMENSION-ID语义一致,0.9700
Ram 2500/3500 Pickup 2019-2026 Regular 8,2019,Ram,2500/3500,Ram 2500/3500,,Pickup,Regular,8,Ram,2500,4A全覆盖-MODEL_COMPONENT_EXACT,待联网审核,4A原子尚无正式映射；语义候选需验证版本、结构和年份,"2019 ""Ram 2500"" ""Ram 2500/3500"" ""Pickup""",年份、Make、Model、版本、结构均与DIMENSION-ID语义一致,0.9700
Ram 1500 Pickup 2019-2026 Crew 5.6,2019,Ram,1500,Ram 1500,,Pickup,Crew,5.6,Ram,ProMaster 1500,4A全覆盖-MODEL_CONTAINS,待联网审核,4A原子尚无正式映射；语义候选需验证版本、结构和年份,"2019 ""Ram ProMaster 1500"" ""Ram 1500"" ""Pickup""",年份、Make、Model、版本、结构均与DIMENSION-ID语义一致,0.9000
Ram 1500 Pickup 2019-2026 Crew 6.4,2019,Ram,1500,Ram 1500,,Pickup,Crew,6.4,Ram,ProMaster 1500,4A全覆盖-MODEL_CONTAINS,待联网审核,4A原子尚无正式映射；语义候选需验证版本、结构和年份,"2019 ""Ram ProMaster 1500"" ""Ram 1500"" ""Pickup""",年份、Make、Model、版本、结构均与DIMENSION-ID语义一致,0.9000
Ram 1500 Pickup 2019-2026 Quad 6.4,2019,Ram,1500,Ram 1500,,Pickup,Quad,6.4,Ram,ProMaster 1500,4A全覆盖-MODEL_CONTAINS,待联网审核,4A原子尚无正式映射；语义候选需验证版本、结构和年份,"2019 ""Ram ProMaster 1500"" ""Ram 1500"" ""Pickup""",年份、Make、Model、版本、结构均与DIMENSION-ID语义一致,0.9000
Volkswagen Golf GTI Hatchback 2018-2021,2019,Volkswagen,Golf,Volkswagen Golf,GTI,Hatchback,,,Volkswagen,e-Golf,4A全覆盖-MODEL_CONTAINS,待联网审核,4A原子尚无正式映射；语义候选需验证版本、结构和年份,"2019 ""Volkswagen e-Golf"" ""Volkswagen Golf"" ""GTI"" ""Hatchback""",年份、Make、Model、版本、结构均与DIMENSION-ID语义一致,0.9000
Volkswagen Golf Hatchback 2018-2021,2019,Volkswagen,Golf,Volkswagen Golf,,Hatchback,,,Volkswagen,e-Golf,4A全覆盖-MODEL_CONTAINS,待联网审核,4A原子尚无正式映射；语义候选需验证版本、结构和年份,"2019 ""Volkswagen e-Golf"" ""Volkswagen Golf"" ""Hatchback""",年份、Make、Model、版本、结构均与DIMENSION-ID语义一致,0.9000
Volkswagen Golf R Hatchback 2018-2019,2019,Volkswagen,Golf,Volkswagen Golf,R,Hatchback,,,Volkswagen,e-Golf,4A全覆盖-MODEL_CONTAINS,待联网审核,4A原子尚无正式映射；语义候选需验证版本、结构和年份,"2019 ""Volkswagen e-Golf"" ""Volkswagen Golf"" ""R"" ""Hatchback""",年份、Make、Model、版本、结构均与DIMENSION-ID语义一致,0.9000
Volkswagen Golf Wagon 2018-2019,2019,Volkswagen,Golf,Volkswagen Golf,,Wagon,,,Volkswagen,e-Golf,4A全覆盖-MODEL_CONTAINS,待联网审核,4A原子尚无正式映射；语义候选需验证版本、结构和年份,"2019 ""Volkswagen e-Golf"" ""Volkswagen Golf"" ""Wagon""",年份、Make、Model、版本、结构均与DIMENSION-ID语义一致,0.9000
Volkswagen Golf GTI Hatchback 2018-2021,2019,Volkswagen,Golf,Volkswagen Golf,GTI,Hatchback,,,Volkswagen,GTI,4A全覆盖-VERSION_EXACT,待联网审核,4A原子尚无正式映射；语义候选需验证版本、结构和年份,"2019 ""Volkswagen GTI"" ""Volkswagen Golf"" ""GTI"" ""Hatchback""",年份、Make、Model、版本、结构均与DIMENSION-ID语义一致,0.9900
Audi A7/S7/RS7 Liftback 2019-2025,2020,Audi,A7/S7/RS7,Audi A7/S7/RS7,,Liftback,,,Audi,S7,4A全覆盖-MODEL_COMPONENT_EXACT,待联网审核,4A原子尚无正式映射；语义候选需验证版本、结构和年份,"2020 ""Audi S7"" ""Audi A7/S7/RS7"" ""Liftback""",年份、Make、Model、版本、结构均与DIMENSION-ID语义一致,0.9700
GMC Sierra 1500 Pickup 2019-2026 Crew 5.8,2020,GMC,Sierra 1500,GMC Sierra 1500,,Pickup,Crew,5.8,GMC,Sierra,4A全覆盖-MODEL_CONTAINS,待联网审核,4A原子尚无正式映射；语义候选需验证版本、结构和年份,"2020 ""GMC Sierra"" ""GMC Sierra 1500"" ""Pickup""",年份、Make、Model、版本、结构均与DIMENSION-ID语义一致,0.9000
GMC Sierra 1500 Pickup 2019-2026 Double 6.6,2020,GMC,Sierra 1500,GMC Sierra 1500,,Pickup,Double,6.6,GMC,Sierra,4A全覆盖-MODEL_CONTAINS,待联网审核,4A原子尚无正式映射；语义候选需验证版本、结构和年份,"2020 ""GMC Sierra"" ""GMC Sierra 1500"" ""Pickup""",年份、Make、Model、版本、结构均与DIMENSION-ID语义一致,0.9000
GMC Sierra 1500 Pickup 2019-2026 Regular 6.6,2020,GMC,Sierra 1500,GMC Sierra 1500,,Pickup,Regular,6.6,GMC,Sierra,4A全覆盖-MODEL_CONTAINS,待联网审核,4A原子尚无正式映射；语义候选需验证版本、结构和年份,"2020 ""GMC Sierra"" ""GMC Sierra 1500"" ""Pickup""",年份、Make、Model、版本、结构均与DIMENSION-ID语义一致,0.9000
GMC Sierra 1500 Pickup 2019-2026 Regular 8,2020,GMC,Sierra 1500,GMC Sierra 1500,,Pickup,Regular,8,GMC,Sierra,4A全覆盖-MODEL_CONTAINS,待联网审核,4A原子尚无正式映射；语义候选需验证版本、结构和年份,"2020 ""GMC Sierra"" ""GMC Sierra 1500"" ""Pickup""",年份、Make、Model、版本、结构均与DIMENSION-ID语义一致,0.9000
GMC Sierra 2500HD/3500HD DRW Pickup 2020-2026 Crew 8,2020,GMC,Sierra 2500HD/3500HD,GMC Sierra 2500HD/3500HD,DRW,Pickup,Crew,8,GMC,Sierra,4A全覆盖-MODEL_CONTAINS,待联网审核,4A原子尚无正式映射；语义候选需验证版本、结构和年份,"2020 ""GMC Sierra"" ""GMC Sierra 2500HD/3500HD"" ""DRW"" ""Pickup""",年份、Make、Model、版本、结构均与DIMENSION-ID语义一致,0.9000
Kia Forte Sedan 2019-2024,2020,Kia,Forte,Kia Forte,,Sedan,,,Kia,Forte5,4A全覆盖-MODEL_CONTAINS,待联网审核,4A原子尚无正式映射；语义候选需验证版本、结构和年份,"2020 ""Kia Forte5"" ""Kia Forte"" ""Sedan""",年份、Make、Model、版本、结构均与DIMENSION-ID语义一致,0.9000
Nissan Frontier Pickup 2005-2021 Crew 5,2020,Nissan,Frontier,Nissan Frontier,,Pickup,Crew,5,Nissan,NP300 Frontier,4A全覆盖-MODEL_CONTAINS,待联网审核,4A原子尚无正式映射；语义候选需验证版本、结构和年份,"2020 ""Nissan NP300 Frontier"" ""Nissan Frontier"" ""Pickup""",年份、Make、Model、版本、结构均与DIMENSION-ID语义一致,0.9000
Nissan Frontier Pickup 2005-2021 Crew 6,2020,Nissan,Frontier,Nissan Frontier,,Pickup,Crew,6,Nissan,NP300 Frontier,4A全覆盖-MODEL_CONTAINS,待联网审核,4A原子尚无正式映射；语义候选需验证版本、结构和年份,"2020 ""Nissan NP300 Frontier"" ""Nissan Frontier"" ""Pickup""",年份、Make、Model、版本、结构均与DIMENSION-ID语义一致,0.9000
Nissan Frontier Pickup 2018-2021 King 6,2020,Nissan,Frontier,Nissan Frontier,,Pickup,King,6,Nissan,NP300 Frontier,4A全覆盖-MODEL_CONTAINS,待联网审核,4A原子尚无正式映射；语义候选需验证版本、结构和年份,"2020 ""Nissan NP300 Frontier"" ""Nissan Frontier"" ""Pickup""",年份、Make、Model、版本、结构均与DIMENSION-ID语义一致,0.9000
Ram 2500/3500 Pickup 2019-2026 Crew 6.4,2020,Ram,2500/3500,Ram 2500/3500,,Pickup,Crew,6.4,Ram,2500,4A全覆盖-MODEL_COMPONENT_EXACT,待联网审核,4A原子尚无正式映射；语义候选需验证版本、结构和年份,"2020 ""Ram 2500"" ""Ram 2500/3500"" ""Pickup""",年份、Make、Model、版本、结构均与DIMENSION-ID语义一致,0.9700
Ram 2500/3500 Pickup 2019-2026 Crew 8,2020,Ram,2500/3500,Ram 2500/3500,,Pickup,Crew,8,Ram,2500,4A全覆盖-MODEL_COMPONENT_EXACT,待联网审核,4A原子尚无正式映射；语义候选需验证版本、结构和年份,"2020 ""Ram 2500"" ""Ram 2500/3500"" ""Pickup""",年份、Make、Model、版本、结构均与DIMENSION-ID语义一致,0.9700
Ram 2500/3500 Pickup 2019-2026 Mega 6.4,2020,Ram,2500/3500,Ram 2500/3500,,Pickup,Mega,6.4,Ram,2500,4A全覆盖-MODEL_COMPONENT_EXACT,待联网审核,4A原子尚无正式映射；语义候选需验证版本、结构和年份,"2020 ""Ram 2500"" ""Ram 2500/3500"" ""Pickup""",年份、Make、Model、版本、结构均与DIMENSION-ID语义一致,0.9700
Ram 2500/3500 Pickup 2019-2026 Regular 8,2020,Ram,2500/3500,Ram 2500/3500,,Pickup,Regular,8,Ram,2500,4A全覆盖-MODEL_COMPONENT_EXACT,待联网审核,4A原子尚无正式映射；语义候选需验证版本、结构和年份,"2020 ""Ram 2500"" ""Ram 2500/3500"" ""Pickup""",年份、Make、Model、版本、结构均与DIMENSION-ID语义一致,0.9700
Ram 1500 Pickup 2019-2026 Crew 5.6,2020,Ram,1500,Ram 1500,,Pickup,Crew,5.6,Ram,ProMaster 1500,4A全覆盖-MODEL_CONTAINS,待联网审核,4A原子尚无正式映射；语义候选需验证版本、结构和年份,"2020 ""Ram ProMaster 1500"" ""Ram 1500"" ""Pickup""",年份、Make、Model、版本、结构均与DIMENSION-ID语义一致,0.9000
Ram 1500 Pickup 2019-2026 Crew 6.4,2020,Ram,1500,Ram 1500,,Pickup,Crew,6.4,Ram,ProMaster 1500,4A全覆盖-MODEL_CONTAINS,待联网审核,4A原子尚无正式映射；语义候选需验证版本、结构和年份,"2020 ""Ram ProMaster 1500"" ""Ram 1500"" ""Pickup""",年份、Make、Model、版本、结构均与DIMENSION-ID语义一致,0.9000
Ram 1500 Pickup 2019-2026 Quad 6.4,2020,Ram,1500,Ram 1500,,Pickup,Quad,6.4,Ram,ProMaster 1500,4A全覆盖-MODEL_CONTAINS,待联网审核,4A原子尚无正式映射；语义候选需验证版本、结构和年份,"2020 ""Ram ProMaster 1500"" ""Ram 1500"" ""Pickup""",年份、Make、Model、版本、结构均与DIMENSION-ID语义一致,0.9000
Volkswagen Golf GTI Hatchback 2018-2021,2020,Volkswagen,Golf,Volkswagen Golf,GTI,Hatchback,,,Volkswagen,e-Golf,4A全覆盖-MODEL_CONTAINS,待联网审核,4A原子尚无正式映射；语义候选需验证版本、结构和年份,"2020 ""Volkswagen e-Golf"" ""Volkswagen Golf"" ""GTI"" ""Hatchback""",年份、Make、Model、版本、结构均与DIMENSION-ID语义一致,0.9000
Volkswagen Golf Hatchback 2018-2021,2020,Volkswagen,Golf,Volkswagen Golf,,Hatchback,,,Volkswagen,e-Golf,4A全覆盖-MODEL_CONTAINS,待联网审核,4A原子尚无正式映射；语义候选需验证版本、结构和年份,"2020 ""Volkswagen e-Golf"" ""Volkswagen Golf"" ""Hatchback""",年份、Make、Model、版本、结构均与DIMENSION-ID语义一致,0.9000
Volkswagen Golf GTI Hatchback 2018-2021,2020,Volkswagen,Golf,Volkswagen Golf,GTI,Hatchback,,,Volkswagen,GTI,4A全覆盖-VERSION_EXACT,待联网审核,4A原子尚无正式映射；语义候选需验证版本、结构和年份,"2020 ""Volkswagen GTI"" ""Volkswagen Golf"" ""GTI"" ""Hatchback""",年份、Make、Model、版本、结构均与DIMENSION-ID语义一致,0.9900
Ford F-350 Super Duty DRW Pickup 2017-2022 Regular 8,2021,Ford,F-350 Super Duty,Ford F-350 Super Duty,DRW,Pickup,Regular,8,Ford,E-350 Super Duty,4A全覆盖-MODEL_SIMILAR,待联网审核,4A原子尚无正式映射；语义候选需验证版本、结构和年份,"2021 ""Ford E-350 Super Duty"" ""Ford F-350 Super Duty"" ""DRW"" ""Pickup""",年份、Make、Model、版本、结构均与DIMENSION-ID语义一致,0.9231
Ford F-350 Super Duty DRW Pickup 2020-2022 Crew 8,2021,Ford,F-350 Super Duty,Ford F-350 Super Duty,DRW,Pickup,Crew,8,Ford,E-350 Super Duty,4A全覆盖-MODEL_SIMILAR,待联网审核,4A原子尚无正式映射；语义候选需验证版本、结构和年份,"2021 ""Ford E-350 Super Duty"" ""Ford F-350 Super Duty"" ""DRW"" ""Pickup""",年份、Make、Model、版本、结构均与DIMENSION-ID语义一致,0.9231
GMC Sierra 1500 Pickup 2019-2026 Crew 5.8,2021,GMC,Sierra 1500,GMC Sierra 1500,,Pickup,Crew,5.8,GMC,Sierra,4A全覆盖-MODEL_CONTAINS,待联网审核,4A原子尚无正式映射；语义候选需验证版本、结构和年份,"2021 ""GMC Sierra"" ""GMC Sierra 1500"" ""Pickup""",年份、Make、Model、版本、结构均与DIMENSION-ID语义一致,0.9000
GMC Sierra 1500 Pickup 2019-2026 Double 6.6,2021,GMC,Sierra 1500,GMC Sierra 1500,,Pickup,Double,6.6,GMC,Sierra,4A全覆盖-MODEL_CONTAINS,待联网审核,4A原子尚无正式映射；语义候选需验证版本、结构和年份,"2021 ""GMC Sierra"" ""GMC Sierra 1500"" ""Pickup""",年份、Make、Model、版本、结构均与DIMENSION-ID语义一致,0.9000
GMC Sierra 1500 Pickup 2019-2026 Regular 6.6,2021,GMC,Sierra 1500,GMC Sierra 1500,,Pickup,Regular,6.6,GMC,Sierra,4A全覆盖-MODEL_CONTAINS,待联网审核,4A原子尚无正式映射；语义候选需验证版本、结构和年份,"2021 ""GMC Sierra"" ""GMC Sierra 1500"" ""Pickup""",年份、Make、Model、版本、结构均与DIMENSION-ID语义一致,0.9000
GMC Sierra 1500 Pickup 2019-2026 Regular 8,2021,GMC,Sierra 1500,GMC Sierra 1500,,Pickup,Regular,8,GMC,Sierra,4A全覆盖-MODEL_CONTAINS,待联网审核,4A原子尚无正式映射；语义候选需验证版本、结构和年份,"2021 ""GMC Sierra"" ""GMC Sierra 1500"" ""Pickup""",年份、Make、Model、版本、结构均与DIMENSION-ID语义一致,0.9000
GMC Sierra 2500HD/3500HD DRW Pickup 2020-2026 Crew 8,2021,GMC,Sierra 2500HD/3500HD,GMC Sierra 2500HD/3500HD,DRW,Pickup,Crew,8,GMC,Sierra,4A全覆盖-MODEL_CONTAINS,待联网审核,4A原子尚无正式映射；语义候选需验证版本、结构和年份,"2021 ""GMC Sierra"" ""GMC Sierra 2500HD/3500HD"" ""DRW"" ""Pickup""",年份、Make、Model、版本、结构均与DIMENSION-ID语义一致,0.9000
Jeep Grand Cherokee L SUV 2021-2025,2021,Jeep,Grand Cherokee,Jeep Grand Cherokee,L,SUV,,,Jeep,Grand Cherokee L,4A全覆盖-MODEL_VERSION_EXACT,待联网审核,4A原子尚无正式映射；语义候选需验证版本、结构和年份,"2021 ""Jeep Grand Cherokee L"" ""Jeep Grand Cherokee"" ""L"" ""SUV""",年份、Make、Model、版本、结构均与DIMENSION-ID语义一致,0.9800
Jeep Cherokee SUV 2014-2023,2021,Jeep,Cherokee,Jeep Cherokee,,SUV,,,Jeep,Grand Cherokee L,4A全覆盖-MODEL_CONTAINS,待联网审核,4A原子尚无正式映射；语义候选需验证版本、结构和年份,"2021 ""Jeep Grand Cherokee L"" ""Jeep Cherokee"" ""SUV""",年份、Make、Model、版本、结构均与DIMENSION-ID语义一致,0.9000
Jeep Grand Cherokee SRT SUV 2020-2021,2021,Jeep,Grand Cherokee,Jeep Grand Cherokee,SRT,SUV,,,Jeep,Grand Cherokee L,4A全覆盖-MODEL_CONTAINS,待联网审核,4A原子尚无正式映射；语义候选需验证版本、结构和年份,"2021 ""Jeep Grand Cherokee L"" ""Jeep Grand Cherokee"" ""SRT"" ""SUV""",年份、Make、Model、版本、结构均与DIMENSION-ID语义一致,0.9000
Jeep Grand Cherokee SUV 2014-2021,2021,Jeep,Grand Cherokee,Jeep Grand Cherokee,,SUV,,,Jeep,Grand Cherokee L,4A全覆盖-MODEL_CONTAINS,待联网审核,4A原子尚无正式映射；语义候选需验证版本、结构和年份,"2021 ""Jeep Grand Cherokee L"" ""Jeep Grand Cherokee"" ""SUV""",年份、Make、Model、版本、结构均与DIMENSION-ID语义一致,0.9000
Kia Forte Sedan 2019-2024,2021,Kia,Forte,Kia Forte,,Sedan,,,Kia,Forte5,4A全覆盖-MODEL_CONTAINS,待联网审核,4A原子尚无正式映射；语义候选需验证版本、结构和年份,"2021 ""Kia Forte5"" ""Kia Forte"" ""Sedan""",年份、Make、Model、版本、结构均与DIMENSION-ID语义一致,0.9000
Ram 2500/3500 Pickup 2019-2026 Crew 6.4,2021,Ram,2500/3500,Ram 2500/3500,,Pickup,Crew,6.4,Ram,2500,4A全覆盖-MODEL_COMPONENT_EXACT,待联网审核,4A原子尚无正式映射；语义候选需验证版本、结构和年份,"2021 ""Ram 2500"" ""Ram 2500/3500"" ""Pickup""",年份、Make、Model、版本、结构均与DIMENSION-ID语义一致,0.9700
Ram 2500/3500 Pickup 2019-2026 Crew 8,2021,Ram,2500/3500,Ram 2500/3500,,Pickup,Crew,8,Ram,2500,4A全覆盖-MODEL_COMPONENT_EXACT,待联网审核,4A原子尚无正式映射；语义候选需验证版本、结构和年份,"2021 ""Ram 2500"" ""Ram 2500/3500"" ""Pickup""",年份、Make、Model、版本、结构均与DIMENSION-ID语义一致,0.9700
Ram 2500/3500 Pickup 2019-2026 Mega 6.4,2021,Ram,2500/3500,Ram 2500/3500,,Pickup,Mega,6.4,Ram,2500,4A全覆盖-MODEL_COMPONENT_EXACT,待联网审核,4A原子尚无正式映射；语义候选需验证版本、结构和年份,"2021 ""Ram 2500"" ""Ram 2500/3500"" ""Pickup""",年份、Make、Model、版本、结构均与DIMENSION-ID语义一致,0.9700
Ram 2500/3500 Pickup 2019-2026 Regular 8,2021,Ram,2500/3500,Ram 2500/3500,,Pickup,Regular,8,Ram,2500,4A全覆盖-MODEL_COMPONENT_EXACT,待联网审核,4A原子尚无正式映射；语义候选需验证版本、结构和年份,"2021 ""Ram 2500"" ""Ram 2500/3500"" ""Pickup""",年份、Make、Model、版本、结构均与DIMENSION-ID语义一致,0.9700
Ram 1500 Pickup 2019-2026 Crew 5.6,2021,Ram,1500,Ram 1500,,Pickup,Crew,5.6,Ram,ProMaster 1500,4A全覆盖-MODEL_CONTAINS,待联网审核,4A原子尚无正式映射；语义候选需验证版本、结构和年份,"2021 ""Ram ProMaster 1500"" ""Ram 1500"" ""Pickup""",年份、Make、Model、版本、结构均与DIMENSION-ID语义一致,0.9000
Ram 1500 Pickup 2019-2026 Crew 6.4,2021,Ram,1500,Ram 1500,,Pickup,Crew,6.4,Ram,ProMaster 1500,4A全覆盖-MODEL_CONTAINS,待联网审核,4A原子尚无正式映射；语义候选需验证版本、结构和年份,"2021 ""Ram ProMaster 1500"" ""Ram 1500"" ""Pickup""",年份、Make、Model、版本、结构均与DIMENSION-ID语义一致,0.9000
Ram 1500 Pickup 2019-2026 Quad 6.4,2021,Ram,1500,Ram 1500,,Pickup,Quad,6.4,Ram,ProMaster 1500,4A全覆盖-MODEL_CONTAINS,待联网审核,4A原子尚无正式映射；语义候选需验证版本、结构和年份,"2021 ""Ram ProMaster 1500"" ""Ram 1500"" ""Pickup""",年份、Make、Model、版本、结构均与DIMENSION-ID语义一致,0.9000
Ram 1500 TRX Pickup 2021-2024 Crew 5.6,2021,Ram,1500,Ram 1500,TRX,Pickup,Crew,5.6,Ram,ProMaster 1500,4A全覆盖-MODEL_CONTAINS,待联网审核,4A原子尚无正式映射；语义候选需验证版本、结构和年份,"2021 ""Ram ProMaster 1500"" ""Ram 1500"" ""TRX"" ""Pickup""",年份、Make、Model、版本、结构均与DIMENSION-ID语义一致,0.9000
Volkswagen Atlas Cross Cross Sport SUV 2021,2021,Volkswagen,Atlas Cross,Volkswagen Atlas Cross,Cross Sport,SUV,,,Volkswagen,Cross Sport,4A全覆盖-VERSION_EXACT,待联网审核,4A原子尚无正式映射；语义候选需验证版本、结构和年份,"2021 ""Volkswagen Cross Sport"" ""Volkswagen Atlas Cross"" ""Cross Sport"" ""SUV""",年份、Make、Model、版本、结构均与DIMENSION-ID语义一致,0.9900
Volkswagen Atlas Cross Sport SUV 2021,2021,Volkswagen,Atlas,Volkswagen Atlas,Cross Sport,SUV,,,Volkswagen,Cross Sport,4A全覆盖-VERSION_EXACT,待联网审核,4A原子尚无正式映射；语义候选需验证版本、结构和年份,"2021 ""Volkswagen Cross Sport"" ""Volkswagen Atlas"" ""Cross Sport"" ""SUV""",年份、Make、Model、版本、结构均与DIMENSION-ID语义一致,0.9900
Volkswagen Golf GTI Hatchback 2018-2021,2021,Volkswagen,Golf,Volkswagen Golf,GTI,Hatchback,,,Volkswagen,GTI,4A全覆盖-VERSION_EXACT,待联网审核,4A原子尚无正式映射；语义候选需验证版本、结构和年份,"2021 ""Volkswagen GTI"" ""Volkswagen Golf"" ""GTI"" ""Hatchback""",年份、Make、Model、版本、结构均与DIMENSION-ID语义一致,0.9900
Audi e-tron/S e-tron SUV SUV 2019-2023,2022,Audi,e-tron/S e-tron,Audi e-tron/S e-tron,SUV,SUV,,,Audi,e-tron S,4A全覆盖-MODEL_CONTAINS,待联网审核,4A原子尚无正式映射；语义候选需验证版本、结构和年份,"2022 ""Audi e-tron S"" ""Audi e-tron/S e-tron"" ""SUV"" ""SUV""",年份、Make、Model、版本、结构均与DIMENSION-ID语义一致,0.9000
Audi e-tron/S e-tron Sportback SUV 2020-2023,2022,Audi,e-tron/S e-tron,Audi e-tron/S e-tron,Sportback,SUV,,,Audi,e-tron S,4A全覆盖-MODEL_CONTAINS,待联网审核,4A原子尚无正式映射；语义候选需验证版本、结构和年份,"2022 ""Audi e-tron S"" ""Audi e-tron/S e-tron"" ""Sportback"" ""SUV""",年份、Make、Model、版本、结构均与DIMENSION-ID语义一致,0.9000
Ford F-350 Super Duty DRW Pickup 2017-2022 Regular 8,2022,Ford,F-350 Super Duty,Ford F-350 Super Duty,DRW,Pickup,Regular,8,Ford,E-350 Super Duty,4A全覆盖-MODEL_SIMILAR,待联网审核,4A原子尚无正式映射；语义候选需验证版本、结构和年份,"2022 ""Ford E-350 Super Duty"" ""Ford F-350 Super Duty"" ""DRW"" ""Pickup""",年份、Make、Model、版本、结构均与DIMENSION-ID语义一致,0.9231
Ford F-350 Super Duty DRW Pickup 2020-2022 Crew 8,2022,Ford,F-350 Super Duty,Ford F-350 Super Duty,DRW,Pickup,Crew,8,Ford,E-350 Super Duty,4A全覆盖-MODEL_SIMILAR,待联网审核,4A原子尚无正式映射；语义候选需验证版本、结构和年份,"2022 ""Ford E-350 Super Duty"" ""Ford F-350 Super Duty"" ""DRW"" ""Pickup""",年份、Make、Model、版本、结构均与DIMENSION-ID语义一致,0.9231
GMC Sierra 1500 Pickup 2019-2026 Crew 5.8,2022,GMC,Sierra 1500,GMC Sierra 1500,,Pickup,Crew,5.8,GMC,Sierra,4A全覆盖-MODEL_CONTAINS,待联网审核,4A原子尚无正式映射；语义候选需验证版本、结构和年份,"2022 ""GMC Sierra"" ""GMC Sierra 1500"" ""Pickup""",年份、Make、Model、版本、结构均与DIMENSION-ID语义一致,0.9000
GMC Sierra 1500 Pickup 2019-2026 Double 6.6,2022,GMC,Sierra 1500,GMC Sierra 1500,,Pickup,Double,6.6,GMC,Sierra,4A全覆盖-MODEL_CONTAINS,待联网审核,4A原子尚无正式映射；语义候选需验证版本、结构和年份,"2022 ""GMC Sierra"" ""GMC Sierra 1500"" ""Pickup""",年份、Make、Model、版本、结构均与DIMENSION-ID语义一致,0.9000
GMC Sierra 1500 Pickup 2019-2026 Regular 6.6,2022,GMC,Sierra 1500,GMC Sierra 1500,,Pickup,Regular,6.6,GMC,Sierra,4A全覆盖-MODEL_CONTAINS,待联网审核,4A原子尚无正式映射；语义候选需验证版本、结构和年份,"2022 ""GMC Sierra"" ""GMC Sierra 1500"" ""Pickup""",年份、Make、Model、版本、结构均与DIMENSION-ID语义一致,0.9000
GMC Sierra 1500 Pickup 2019-2026 Regular 8,2022,GMC,Sierra 1500,GMC Sierra 1500,,Pickup,Regular,8,GMC,Sierra,4A全覆盖-MODEL_CONTAINS,待联网审核,4A原子尚无正式映射；语义候选需验证版本、结构和年份,"2022 ""GMC Sierra"" ""GMC Sierra 1500"" ""Pickup""",年份、Make、Model、版本、结构均与DIMENSION-ID语义一致,0.9000
GMC Sierra 2500HD/3500HD DRW Pickup 2020-2026 Crew 8,2022,GMC,Sierra 2500HD/3500HD,GMC Sierra 2500HD/3500HD,DRW,Pickup,Crew,8,GMC,Sierra,4A全覆盖-MODEL_CONTAINS,待联网审核,4A原子尚无正式映射；语义候选需验证版本、结构和年份,"2022 ""GMC Sierra"" ""GMC Sierra 2500HD/3500HD"" ""DRW"" ""Pickup""",年份、Make、Model、版本、结构均与DIMENSION-ID语义一致,0.9000
GMC Sierra 1500 Pickup 2019-2026 Crew 5.8,2022,GMC,Sierra 1500,GMC Sierra 1500,,Pickup,Crew,5.8,GMC,Sierra 1500 Limited,4A全覆盖-MODEL_CONTAINS,待联网审核,4A原子尚无正式映射；语义候选需验证版本、结构和年份,"2022 ""GMC Sierra 1500 Limited"" ""GMC Sierra 1500"" ""Pickup""",年份、Make、Model、版本、结构均与DIMENSION-ID语义一致,0.9000
GMC Sierra 1500 Pickup 2019-2026 Double 6.6,2022,GMC,Sierra 1500,GMC Sierra 1500,,Pickup,Double,6.6,GMC,Sierra 1500 Limited,4A全覆盖-MODEL_CONTAINS,待联网审核,4A原子尚无正式映射；语义候选需验证版本、结构和年份,"2022 ""GMC Sierra 1500 Limited"" ""GMC Sierra 1500"" ""Pickup""",年份、Make、Model、版本、结构均与DIMENSION-ID语义一致,0.9000
GMC Sierra 1500 Pickup 2019-2026 Regular 6.6,2022,GMC,Sierra 1500,GMC Sierra 1500,,Pickup,Regular,6.6,GMC,Sierra 1500 Limited,4A全覆盖-MODEL_CONTAINS,待联网审核,4A原子尚无正式映射；语义候选需验证版本、结构和年份,"2022 ""GMC Sierra 1500 Limited"" ""GMC Sierra 1500"" ""Pickup""",年份、Make、Model、版本、结构均与DIMENSION-ID语义一致,0.9000
GMC Sierra 1500 Pickup 2019-2026 Regular 8,2022,GMC,Sierra 1500,GMC Sierra 1500,,Pickup,Regular,8,GMC,Sierra 1500 Limited,4A全覆盖-MODEL_CONTAINS,待联网审核,4A原子尚无正式映射；语义候选需验证版本、结构和年份,"2022 ""GMC Sierra 1500 Limited"" ""GMC Sierra 1500"" ""Pickup""",年份、Make、Model、版本、结构均与DIMENSION-ID语义一致,0.9000
Jeep Grand Cherokee L SUV 2021-2025,2022,Jeep,Grand Cherokee,Jeep Grand Cherokee,L,SUV,,,Jeep,Grand Cherokee L,4A全覆盖-MODEL_VERSION_EXACT,待联网审核,4A原子尚无正式映射；语义候选需验证版本、结构和年份,"2022 ""Jeep Grand Cherokee L"" ""Jeep Grand Cherokee"" ""L"" ""SUV""",年份、Make、Model、版本、结构均与DIMENSION-ID语义一致,0.9800
Jeep Cherokee SUV 2014-2023,2022,Jeep,Cherokee,Jeep Cherokee,,SUV,,,Jeep,Grand Cherokee L,4A全覆盖-MODEL_CONTAINS,待联网审核,4A原子尚无正式映射；语义候选需验证版本、结构和年份,"2022 ""Jeep Grand Cherokee L"" ""Jeep Cherokee"" ""SUV""",年份、Make、Model、版本、结构均与DIMENSION-ID语义一致,0.9000
Jeep Grand Cherokee SUV 2022-2026,2022,Jeep,Grand Cherokee,Jeep Grand Cherokee,,SUV,,,Jeep,Grand Cherokee L,4A全覆盖-MODEL_CONTAINS,待联网审核,4A原子尚无正式映射；语义候选需验证版本、结构和年份,"2022 ""Jeep Grand Cherokee L"" ""Jeep Grand Cherokee"" ""SUV""",年份、Make、Model、版本、结构均与DIMENSION-ID语义一致,0.9000
Jeep Cherokee SUV 2014-2023,2022,Jeep,Cherokee,Jeep Cherokee,,SUV,,,Jeep,Grand Cherokee WK,4A全覆盖-MODEL_CONTAINS,待联网审核,4A原子尚无正式映射；语义候选需验证版本、结构和年份,"2022 ""Jeep Grand Cherokee WK"" ""Jeep Cherokee"" ""SUV""",年份、Make、Model、版本、结构均与DIMENSION-ID语义一致,0.9000
Jeep Grand Cherokee L SUV 2021-2025,2022,Jeep,Grand Cherokee,Jeep Grand Cherokee,L,SUV,,,Jeep,Grand Cherokee WK,4A全覆盖-MODEL_CONTAINS,待联网审核,4A原子尚无正式映射；语义候选需验证版本、结构和年份,"2022 ""Jeep Grand Cherokee WK"" ""Jeep Grand Cherokee"" ""L"" ""SUV""",年份、Make、Model、版本、结构均与DIMENSION-ID语义一致,0.9000
Jeep Grand Cherokee SUV 2022-2026,2022,Jeep,Grand Cherokee,Jeep Grand Cherokee,,SUV,,,Jeep,Grand Cherokee WK,4A全覆盖-MODEL_CONTAINS,待联网审核,4A原子尚无正式映射；语义候选需验证版本、结构和年份,"2022 ""Jeep Grand Cherokee WK"" ""Jeep Grand Cherokee"" ""SUV""",年份、Make、Model、版本、结构均与DIMENSION-ID语义一致,0.9000
Jeep Grand Wagoneer SUV 2022-2026,2022,Jeep,Grand Wagoneer,Jeep Grand Wagoneer,,SUV,,,Jeep,Wagoneer,4A全覆盖-MODEL_CONTAINS,待联网审核,4A原子尚无正式映射；语义候选需验证版本、结构和年份,"2022 ""Jeep Wagoneer"" ""Jeep Grand Wagoneer"" ""SUV""",年份、Make、Model、版本、结构均与DIMENSION-ID语义一致,0.9000
Kia Forte Sedan 2019-2024,2022,Kia,Forte,Kia Forte,,Sedan,,,Kia,Forte5,4A全覆盖-MODEL_CONTAINS,待联网审核,4A原子尚无正式映射；语义候选需验证版本、结构和年份,"2022 ""Kia Forte5"" ""Kia Forte"" ""Sedan""",年份、Make、Model、版本、结构均与DIMENSION-ID语义一致,0.9000
Ram 2500/3500 Pickup 2019-2026 Crew 6.4,2022,Ram,2500/3500,Ram 2500/3500,,Pickup,Crew,6.4,Ram,2500,4A全覆盖-MODEL_COMPONENT_EXACT,待联网审核,4A原子尚无正式映射；语义候选需验证版本、结构和年份,"2022 ""Ram 2500"" ""Ram 2500/3500"" ""Pickup""",年份、Make、Model、版本、结构均与DIMENSION-ID语义一致,0.9700
Ram 2500/3500 Pickup 2019-2026 Crew 8,2022,Ram,2500/3500,Ram 2500/3500,,Pickup,Crew,8,Ram,2500,4A全覆盖-MODEL_COMPONENT_EXACT,待联网审核,4A原子尚无正式映射；语义候选需验证版本、结构和年份,"2022 ""Ram 2500"" ""Ram 2500/3500"" ""Pickup""",年份、Make、Model、版本、结构均与DIMENSION-ID语义一致,0.9700
Ram 2500/3500 Pickup 2019-2026 Mega 6.4,2022,Ram,2500/3500,Ram 2500/3500,,Pickup,Mega,6.4,Ram,2500,4A全覆盖-MODEL_COMPONENT_EXACT,待联网审核,4A原子尚无正式映射；语义候选需验证版本、结构和年份,"2022 ""Ram 2500"" ""Ram 2500/3500"" ""Pickup""",年份、Make、Model、版本、结构均与DIMENSION-ID语义一致,0.9700
Ram 2500/3500 Pickup 2019-2026 Regular 8,2022,Ram,2500/3500,Ram 2500/3500,,Pickup,Regular,8,Ram,2500,4A全覆盖-MODEL_COMPONENT_EXACT,待联网审核,4A原子尚无正式映射；语义候选需验证版本、结构和年份,"2022 ""Ram 2500"" ""Ram 2500/3500"" ""Pickup""",年份、Make、Model、版本、结构均与DIMENSION-ID语义一致,0.9700
Ram 1500 Pickup 2019-2026 Crew 5.6,2022,Ram,1500,Ram 1500,,Pickup,Crew,5.6,Ram,ProMaster 1500,4A全覆盖-MODEL_CONTAINS,待联网审核,4A原子尚无正式映射；语义候选需验证版本、结构和年份,"2022 ""Ram ProMaster 1500"" ""Ram 1500"" ""Pickup""",年份、Make、Model、版本、结构均与DIMENSION-ID语义一致,0.9000
Ram 1500 Pickup 2019-2026 Crew 6.4,2022,Ram,1500,Ram 1500,,Pickup,Crew,6.4,Ram,ProMaster 1500,4A全覆盖-MODEL_CONTAINS,待联网审核,4A原子尚无正式映射；语义候选需验证版本、结构和年份,"2022 ""Ram ProMaster 1500"" ""Ram 1500"" ""Pickup""",年份、Make、Model、版本、结构均与DIMENSION-ID语义一致,0.9000
Ram 1500 Pickup 2019-2026 Quad 6.4,2022,Ram,1500,Ram 1500,,Pickup,Quad,6.4,Ram,ProMaster 1500,4A全覆盖-MODEL_CONTAINS,待联网审核,4A原子尚无正式映射；语义候选需验证版本、结构和年份,"2022 ""Ram ProMaster 1500"" ""Ram 1500"" ""Pickup""",年份、Make、Model、版本、结构均与DIMENSION-ID语义一致,0.9000
Ram 1500 TRX Pickup 2021-2024 Crew 5.6,2022,Ram,1500,Ram 1500,TRX,Pickup,Crew,5.6,Ram,ProMaster 1500,4A全覆盖-MODEL_CONTAINS,待联网审核,4A原子尚无正式映射；语义候选需验证版本、结构和年份,"2022 ""Ram ProMaster 1500"" ""Ram 1500"" ""TRX"" ""Pickup""",年份、Make、Model、版本、结构均与DIMENSION-ID语义一致,0.9000
Volkswagen Atlas Cross Cross Sport SUV 2022,2022,Volkswagen,Atlas Cross,Volkswagen Atlas Cross,Cross Sport,SUV,,,Volkswagen,Cross Sport,4A全覆盖-VERSION_EXACT,待联网审核,4A原子尚无正式映射；语义候选需验证版本、结构和年份,"2022 ""Volkswagen Cross Sport"" ""Volkswagen Atlas Cross"" ""Cross Sport"" ""SUV""",年份、Make、Model、版本、结构均与DIMENSION-ID语义一致,0.9900
Volkswagen Atlas Cross Sport SUV 2022,2022,Volkswagen,Atlas,Volkswagen Atlas,Cross Sport,SUV,,,Volkswagen,Cross Sport,4A全覆盖-VERSION_EXACT,待联网审核,4A原子尚无正式映射；语义候选需验证版本、结构和年份,"2022 ""Volkswagen Cross Sport"" ""Volkswagen Atlas"" ""Cross Sport"" ""SUV""",年份、Make、Model、版本、结构均与DIMENSION-ID语义一致,0.9900
Volkswagen Golf GTI Hatchback 2022-2026,2022,Volkswagen,Golf,Volkswagen Golf,GTI,Hatchback,,,Volkswagen,GTI,4A全覆盖-VERSION_EXACT,待联网审核,4A原子尚无正式映射；语义候选需验证版本、结构和年份,"2022 ""Volkswagen GTI"" ""Volkswagen Golf"" ""GTI"" ""Hatchback""",年份、Make、Model、版本、结构均与DIMENSION-ID语义一致,0.9900
Audi e-tron/S e-tron SUV SUV 2019-2023,2023,Audi,e-tron/S e-tron,Audi e-tron/S e-tron,SUV,SUV,,,Audi,e-tron S,4A全覆盖-MODEL_CONTAINS,待联网审核,4A原子尚无正式映射；语义候选需验证版本、结构和年份,"2023 ""Audi e-tron S"" ""Audi e-tron/S e-tron"" ""SUV"" ""SUV""",年份、Make、Model、版本、结构均与DIMENSION-ID语义一致,0.9000
Audi e-tron/S e-tron Sportback SUV 2020-2023,2023,Audi,e-tron/S e-tron,Audi e-tron/S e-tron,Sportback,SUV,,,Audi,e-tron S,4A全覆盖-MODEL_CONTAINS,待联网审核,4A原子尚无正式映射；语义候选需验证版本、结构和年份,"2023 ""Audi e-tron S"" ""Audi e-tron/S e-tron"" ""Sportback"" ""SUV""",年份、Make、Model、版本、结构均与DIMENSION-ID语义一致,0.9000
Ford F-350 Super Duty DRW Pickup 2023-2026 Crew 8,2023,Ford,F-350 Super Duty,Ford F-350 Super Duty,DRW,Pickup,Crew,8,Ford,E-350 Super Duty,4A全覆盖-MODEL_SIMILAR,待联网审核,4A原子尚无正式映射；语义候选需验证版本、结构和年份,"2023 ""Ford E-350 Super Duty"" ""Ford F-350 Super Duty"" ""DRW"" ""Pickup""",年份、Make、Model、版本、结构均与DIMENSION-ID语义一致,0.9231
Ford F-350 Super Duty DRW Pickup 2023-2026 Regular 8,2023,Ford,F-350 Super Duty,Ford F-350 Super Duty,DRW,Pickup,Regular,8,Ford,E-350 Super Duty,4A全覆盖-MODEL_SIMILAR,待联网审核,4A原子尚无正式映射；语义候选需验证版本、结构和年份,"2023 ""Ford E-350 Super Duty"" ""Ford F-350 Super Duty"" ""DRW"" ""Pickup""",年份、Make、Model、版本、结构均与DIMENSION-ID语义一致,0.9231
Genesis GV70 SUV 2022-2026,2023,Genesis,GV70,Genesis GV70,,SUV,,,Genesis,Electrified GV70,4A全覆盖-MODEL_CONTAINS,待联网审核,4A原子尚无正式映射；语义候选需验证版本、结构和年份,"2023 ""Genesis Electrified GV70"" ""Genesis GV70"" ""SUV""",年份、Make、Model、版本、结构均与DIMENSION-ID语义一致,0.9000
GMC Sierra 1500 Pickup 2019-2026 Crew 5.8,2023,GMC,Sierra 1500,GMC Sierra 1500,,Pickup,Crew,5.8,GMC,Sierra,4A全覆盖-MODEL_CONTAINS,待联网审核,4A原子尚无正式映射；语义候选需验证版本、结构和年份,"2023 ""GMC Sierra"" ""GMC Sierra 1500"" ""Pickup""",年份、Make、Model、版本、结构均与DIMENSION-ID语义一致,0.9000
GMC Sierra 1500 Pickup 2019-2026 Double 6.6,2023,GMC,Sierra 1500,GMC Sierra 1500,,Pickup,Double,6.6,GMC,Sierra,4A全覆盖-MODEL_CONTAINS,待联网审核,4A原子尚无正式映射；语义候选需验证版本、结构和年份,"2023 ""GMC Sierra"" ""GMC Sierra 1500"" ""Pickup""",年份、Make、Model、版本、结构均与DIMENSION-ID语义一致,0.9000
GMC Sierra 1500 Pickup 2019-2026 Regular 6.6,2023,GMC,Sierra 1500,GMC Sierra 1500,,Pickup,Regular,6.6,GMC,Sierra,4A全覆盖-MODEL_CONTAINS,待联网审核,4A原子尚无正式映射；语义候选需验证版本、结构和年份,"2023 ""GMC Sierra"" ""GMC Sierra 1500"" ""Pickup""",年份、Make、Model、版本、结构均与DIMENSION-ID语义一致,0.9000
GMC Sierra 1500 Pickup 2019-2026 Regular 8,2023,GMC,Sierra 1500,GMC Sierra 1500,,Pickup,Regular,8,GMC,Sierra,4A全覆盖-MODEL_CONTAINS,待联网审核,4A原子尚无正式映射；语义候选需验证版本、结构和年份,"2023 ""GMC Sierra"" ""GMC Sierra 1500"" ""Pickup""",年份、Make、Model、版本、结构均与DIMENSION-ID语义一致,0.9000
GMC Sierra 2500HD/3500HD DRW Pickup 2020-2026 Crew 8,2023,GMC,Sierra 2500HD/3500HD,GMC Sierra 2500HD/3500HD,DRW,Pickup,Crew,8,GMC,Sierra,4A全覆盖-MODEL_CONTAINS,待联网审核,4A原子尚无正式映射；语义候选需验证版本、结构和年份,"2023 ""GMC Sierra"" ""GMC Sierra 2500HD/3500HD"" ""DRW"" ""Pickup""",年份、Make、Model、版本、结构均与DIMENSION-ID语义一致,0.9000
Jeep Grand Cherokee L SUV 2021-2025,2023,Jeep,Grand Cherokee,Jeep Grand Cherokee,L,SUV,,,Jeep,Grand Cherokee L,4A全覆盖-MODEL_VERSION_EXACT,待联网审核,4A原子尚无正式映射；语义候选需验证版本、结构和年份,"2023 ""Jeep Grand Cherokee L"" ""Jeep Grand Cherokee"" ""L"" ""SUV""",年份、Make、Model、版本、结构均与DIMENSION-ID语义一致,0.9800
Jeep Cherokee SUV 2014-2023,2023,Jeep,Cherokee,Jeep Cherokee,,SUV,,,Jeep,Grand Cherokee L,4A全覆盖-MODEL_CONTAINS,待联网审核,4A原子尚无正式映射；语义候选需验证版本、结构和年份,"2023 ""Jeep Grand Cherokee L"" ""Jeep Cherokee"" ""SUV""",年份、Make、Model、版本、结构均与DIMENSION-ID语义一致,0.9000
Jeep Grand Cherokee SUV 2022-2026,2023,Jeep,Grand Cherokee,Jeep Grand Cherokee,,SUV,,,Jeep,Grand Cherokee L,4A全覆盖-MODEL_CONTAINS,待联网审核,4A原子尚无正式映射；语义候选需验证版本、结构和年份,"2023 ""Jeep Grand Cherokee L"" ""Jeep Grand Cherokee"" ""SUV""",年份、Make、Model、版本、结构均与DIMENSION-ID语义一致,0.9000
Jeep Grand Wagoneer L SUV 2023-2026,2023,Jeep,Grand Wagoneer,Jeep Grand Wagoneer,L,SUV,,,Jeep,Grand Wagoneer L,4A全覆盖-MODEL_VERSION_EXACT,待联网审核,4A原子尚无正式映射；语义候选需验证版本、结构和年份,"2023 ""Jeep Grand Wagoneer L"" ""Jeep Grand Wagoneer"" ""L"" ""SUV""",年份、Make、Model、版本、结构均与DIMENSION-ID语义一致,0.9800
Jeep Grand Wagoneer SUV 2022-2026,2023,Jeep,Grand Wagoneer,Jeep Grand Wagoneer,,SUV,,,Jeep,Grand Wagoneer L,4A全覆盖-MODEL_CONTAINS,待联网审核,4A原子尚无正式映射；语义候选需验证版本、结构和年份,"2023 ""Jeep Grand Wagoneer L"" ""Jeep Grand Wagoneer"" ""SUV""",年份、Make、Model、版本、结构均与DIMENSION-ID语义一致,0.9000
Jeep Wagoneer L SUV 2023-2025,2023,Jeep,Wagoneer,Jeep Wagoneer,L,SUV,,,Jeep,Grand Wagoneer L,4A全覆盖-MODEL_CONTAINS,待联网审核,4A原子尚无正式映射；语义候选需验证版本、结构和年份,"2023 ""Jeep Grand Wagoneer L"" ""Jeep Wagoneer"" ""L"" ""SUV""",年份、Make、Model、版本、结构均与DIMENSION-ID语义一致,0.9000
Jeep Wagoneer SUV 2023-2025,2023,Jeep,Wagoneer,Jeep Wagoneer,,SUV,,,Jeep,Grand Wagoneer L,4A全覆盖-MODEL_CONTAINS,待联网审核,4A原子尚无正式映射；语义候选需验证版本、结构和年份,"2023 ""Jeep Grand Wagoneer L"" ""Jeep Wagoneer"" ""SUV""",年份、Make、Model、版本、结构均与DIMENSION-ID语义一致,0.9000
Jeep Wagoneer L SUV 2023-2025,2023,Jeep,Wagoneer,Jeep Wagoneer,L,SUV,,,Jeep,Wagoneer L,4A全覆盖-MODEL_VERSION_EXACT,待联网审核,4A原子尚无正式映射；语义候选需验证版本、结构和年份,"2023 ""Jeep Wagoneer L"" ""Jeep Wagoneer"" ""L"" ""SUV""",年份、Make、Model、版本、结构均与DIMENSION-ID语义一致,0.9800
Jeep Wagoneer SUV 2023-2025,2023,Jeep,Wagoneer,Jeep Wagoneer,,SUV,,,Jeep,Wagoneer L,4A全覆盖-MODEL_CONTAINS,待联网审核,4A原子尚无正式映射；语义候选需验证版本、结构和年份,"2023 ""Jeep Wagoneer L"" ""Jeep Wagoneer"" ""SUV""",年份、Make、Model、版本、结构均与DIMENSION-ID语义一致,0.9000
Kia Forte Sedan 2019-2024,2023,Kia,Forte,Kia Forte,,Sedan,,,Kia,Forte5,4A全覆盖-MODEL_CONTAINS,待联网审核,4A原子尚无正式映射；语义候选需验证版本、结构和年份,"2023 ""Kia Forte5"" ""Kia Forte"" ""Sedan""",年份、Make、Model、版本、结构均与DIMENSION-ID语义一致,0.9000
Ram 2500/3500 Pickup 2019-2026 Crew 6.4,2023,Ram,2500/3500,Ram 2500/3500,,Pickup,Crew,6.4,Ram,2500,4A全覆盖-MODEL_COMPONENT_EXACT,待联网审核,4A原子尚无正式映射；语义候选需验证版本、结构和年份,"2023 ""Ram 2500"" ""Ram 2500/3500"" ""Pickup""",年份、Make、Model、版本、结构均与DIMENSION-ID语义一致,0.9700
Ram 2500/3500 Pickup 2019-2026 Crew 8,2023,Ram,2500/3500,Ram 2500/3500,,Pickup,Crew,8,Ram,2500,4A全覆盖-MODEL_COMPONENT_EXACT,待联网审核,4A原子尚无正式映射；语义候选需验证版本、结构和年份,"2023 ""Ram 2500"" ""Ram 2500/3500"" ""Pickup""",年份、Make、Model、版本、结构均与DIMENSION-ID语义一致,0.9700
Ram 2500/3500 Pickup 2019-2026 Mega 6.4,2023,Ram,2500/3500,Ram 2500/3500,,Pickup,Mega,6.4,Ram,2500,4A全覆盖-MODEL_COMPONENT_EXACT,待联网审核,4A原子尚无正式映射；语义候选需验证版本、结构和年份,"2023 ""Ram 2500"" ""Ram 2500/3500"" ""Pickup""",年份、Make、Model、版本、结构均与DIMENSION-ID语义一致,0.9700
Ram 2500/3500 Pickup 2019-2026 Regular 8,2023,Ram,2500/3500,Ram 2500/3500,,Pickup,Regular,8,Ram,2500,4A全覆盖-MODEL_COMPONENT_EXACT,待联网审核,4A原子尚无正式映射；语义候选需验证版本、结构和年份,"2023 ""Ram 2500"" ""Ram 2500/3500"" ""Pickup""",年份、Make、Model、版本、结构均与DIMENSION-ID语义一致,0.9700
Ram 1500 Pickup 2019-2026 Crew 5.6,2023,Ram,1500,Ram 1500,,Pickup,Crew,5.6,Ram,ProMaster 1500,4A全覆盖-MODEL_CONTAINS,待联网审核,4A原子尚无正式映射；语义候选需验证版本、结构和年份,"2023 ""Ram ProMaster 1500"" ""Ram 1500"" ""Pickup""",年份、Make、Model、版本、结构均与DIMENSION-ID语义一致,0.9000
Ram 1500 Pickup 2019-2026 Crew 6.4,2023,Ram,1500,Ram 1500,,Pickup,Crew,6.4,Ram,ProMaster 1500,4A全覆盖-MODEL_CONTAINS,待联网审核,4A原子尚无正式映射；语义候选需验证版本、结构和年份,"2023 ""Ram ProMaster 1500"" ""Ram 1500"" ""Pickup""",年份、Make、Model、版本、结构均与DIMENSION-ID语义一致,0.9000
Ram 1500 Pickup 2019-2026 Quad 6.4,2023,Ram,1500,Ram 1500,,Pickup,Quad,6.4,Ram,ProMaster 1500,4A全覆盖-MODEL_CONTAINS,待联网审核,4A原子尚无正式映射；语义候选需验证版本、结构和年份,"2023 ""Ram ProMaster 1500"" ""Ram 1500"" ""Pickup""",年份、Make、Model、版本、结构均与DIMENSION-ID语义一致,0.9000
Ram 1500 TRX Pickup 2021-2024 Crew 5.6,2023,Ram,1500,Ram 1500,TRX,Pickup,Crew,5.6,Ram,ProMaster 1500,4A全覆盖-MODEL_CONTAINS,待联网审核,4A原子尚无正式映射；语义候选需验证版本、结构和年份,"2023 ""Ram ProMaster 1500"" ""Ram 1500"" ""TRX"" ""Pickup""",年份、Make、Model、版本、结构均与DIMENSION-ID语义一致,0.9000
Volkswagen Atlas Cross Cross Sport SUV 2023-2026,2023,Volkswagen,Atlas Cross,Volkswagen Atlas Cross,Cross Sport,SUV,,,Volkswagen,Cross Sport,4A全覆盖-VERSION_EXACT,待联网审核,4A原子尚无正式映射；语义候选需验证版本、结构和年份,"2023 ""Volkswagen Cross Sport"" ""Volkswagen Atlas Cross"" ""Cross Sport"" ""SUV""",年份、Make、Model、版本、结构均与DIMENSION-ID语义一致,0.9900
Volkswagen Atlas Cross Sport SUV 2023-2026,2023,Volkswagen,Atlas,Volkswagen Atlas,Cross Sport,SUV,,,Volkswagen,Cross Sport,4A全覆盖-VERSION_EXACT,待联网审核,4A原子尚无正式映射；语义候选需验证版本、结构和年份,"2023 ""Volkswagen Cross Sport"" ""Volkswagen Atlas"" ""Cross Sport"" ""SUV""",年份、Make、Model、版本、结构均与DIMENSION-ID语义一致,0.9900
Volkswagen Golf GTI Hatchback 2022-2026,2023,Volkswagen,Golf,Volkswagen Golf,GTI,Hatchback,,,Volkswagen,GTI,4A全覆盖-VERSION_EXACT,待联网审核,4A原子尚无正式映射；语义候选需验证版本、结构和年份,"2023 ""Volkswagen GTI"" ""Volkswagen Golf"" ""GTI"" ""Hatchback""",年份、Make、Model、版本、结构均与DIMENSION-ID语义一致,0.9900
Ford F-350 Super Duty DRW Pickup 2023-2026 Crew 8,2024,Ford,F-350 Super Duty,Ford F-350 Super Duty,DRW,Pickup,Crew,8,Ford,E-350 Super Duty,4A全覆盖-MODEL_SIMILAR,待联网审核,4A原子尚无正式映射；语义候选需验证版本、结构和年份,"2024 ""Ford E-350 Super Duty"" ""Ford F-350 Super Duty"" ""DRW"" ""Pickup""",年份、Make、Model、版本、结构均与DIMENSION-ID语义一致,0.9231
Ford F-350 Super Duty DRW Pickup 2023-2026 Regular 8,2024,Ford,F-350 Super Duty,Ford F-350 Super Duty,DRW,Pickup,Regular,8,Ford,E-350 Super Duty,4A全覆盖-MODEL_SIMILAR,待联网审核,4A原子尚无正式映射；语义候选需验证版本、结构和年份,"2024 ""Ford E-350 Super Duty"" ""Ford F-350 Super Duty"" ""DRW"" ""Pickup""",年份、Make、Model、版本、结构均与DIMENSION-ID语义一致,0.9231
Genesis GV70 SUV 2022-2026,2024,Genesis,GV70,Genesis GV70,,SUV,,,Genesis,Electrified GV70,4A全覆盖-MODEL_CONTAINS,待联网审核,4A原子尚无正式映射；语义候选需验证版本、结构和年份,"2024 ""Genesis Electrified GV70"" ""Genesis GV70"" ""SUV""",年份、Make、Model、版本、结构均与DIMENSION-ID语义一致,0.9000
GMC Sierra 1500 Pickup 2019-2026 Crew 5.8,2024,GMC,Sierra 1500,GMC Sierra 1500,,Pickup,Crew,5.8,GMC,Sierra,4A全覆盖-MODEL_CONTAINS,待联网审核,4A原子尚无正式映射；语义候选需验证版本、结构和年份,"2024 ""GMC Sierra"" ""GMC Sierra 1500"" ""Pickup""",年份、Make、Model、版本、结构均与DIMENSION-ID语义一致,0.9000
GMC Sierra 1500 Pickup 2019-2026 Double 6.6,2024,GMC,Sierra 1500,GMC Sierra 1500,,Pickup,Double,6.6,GMC,Sierra,4A全覆盖-MODEL_CONTAINS,待联网审核,4A原子尚无正式映射；语义候选需验证版本、结构和年份,"2024 ""GMC Sierra"" ""GMC Sierra 1500"" ""Pickup""",年份、Make、Model、版本、结构均与DIMENSION-ID语义一致,0.9000
GMC Sierra 1500 Pickup 2019-2026 Regular 6.6,2024,GMC,Sierra 1500,GMC Sierra 1500,,Pickup,Regular,6.6,GMC,Sierra,4A全覆盖-MODEL_CONTAINS,待联网审核,4A原子尚无正式映射；语义候选需验证版本、结构和年份,"2024 ""GMC Sierra"" ""GMC Sierra 1500"" ""Pickup""",年份、Make、Model、版本、结构均与DIMENSION-ID语义一致,0.9000
GMC Sierra 1500 Pickup 2019-2026 Regular 8,2024,GMC,Sierra 1500,GMC Sierra 1500,,Pickup,Regular,8,GMC,Sierra,4A全覆盖-MODEL_CONTAINS,待联网审核,4A原子尚无正式映射；语义候选需验证版本、结构和年份,"2024 ""GMC Sierra"" ""GMC Sierra 1500"" ""Pickup""",年份、Make、Model、版本、结构均与DIMENSION-ID语义一致,0.9000
GMC Sierra 2500HD/3500HD DRW Pickup 2020-2026 Crew 8,2024,GMC,Sierra 2500HD/3500HD,GMC Sierra 2500HD/3500HD,DRW,Pickup,Crew,8,GMC,Sierra,4A全覆盖-MODEL_CONTAINS,待联网审核,4A原子尚无正式映射；语义候选需验证版本、结构和年份,"2024 ""GMC Sierra"" ""GMC Sierra 2500HD/3500HD"" ""DRW"" ""Pickup""",年份、Make、Model、版本、结构均与DIMENSION-ID语义一致,0.9000
Jeep Grand Cherokee L SUV 2021-2025,2024,Jeep,Grand Cherokee,Jeep Grand Cherokee,L,SUV,,,Jeep,Grand Cherokee L,4A全覆盖-MODEL_VERSION_EXACT,待联网审核,4A原子尚无正式映射；语义候选需验证版本、结构和年份,"2024 ""Jeep Grand Cherokee L"" ""Jeep Grand Cherokee"" ""L"" ""SUV""",年份、Make、Model、版本、结构均与DIMENSION-ID语义一致,0.9800
Jeep Grand Cherokee SUV 2022-2026,2024,Jeep,Grand Cherokee,Jeep Grand Cherokee,,SUV,,,Jeep,Grand Cherokee L,4A全覆盖-MODEL_CONTAINS,待联网审核,4A原子尚无正式映射；语义候选需验证版本、结构和年份,"2024 ""Jeep Grand Cherokee L"" ""Jeep Grand Cherokee"" ""SUV""",年份、Make、Model、版本、结构均与DIMENSION-ID语义一致,0.9000
Jeep Grand Wagoneer L SUV 2023-2026,2024,Jeep,Grand Wagoneer,Jeep Grand Wagoneer,L,SUV,,,Jeep,Grand Wagoneer L,4A全覆盖-MODEL_VERSION_EXACT,待联网审核,4A原子尚无正式映射；语义候选需验证版本、结构和年份,"2024 ""Jeep Grand Wagoneer L"" ""Jeep Grand Wagoneer"" ""L"" ""SUV""",年份、Make、Model、版本、结构均与DIMENSION-ID语义一致,0.9800
Jeep Grand Wagoneer SUV 2022-2026,2024,Jeep,Grand Wagoneer,Jeep Grand Wagoneer,,SUV,,,Jeep,Grand Wagoneer L,4A全覆盖-MODEL_CONTAINS,待联网审核,4A原子尚无正式映射；语义候选需验证版本、结构和年份,"2024 ""Jeep Grand Wagoneer L"" ""Jeep Grand Wagoneer"" ""SUV""",年份、Make、Model、版本、结构均与DIMENSION-ID语义一致,0.9000
Jeep Wagoneer L SUV 2023-2025,2024,Jeep,Wagoneer,Jeep Wagoneer,L,SUV,,,Jeep,Grand Wagoneer L,4A全覆盖-MODEL_CONTAINS,待联网审核,4A原子尚无正式映射；语义候选需验证版本、结构和年份,"2024 ""Jeep Grand Wagoneer L"" ""Jeep Wagoneer"" ""L"" ""SUV""",年份、Make、Model、版本、结构均与DIMENSION-ID语义一致,0.9000
Jeep Wagoneer SUV 2023-2025,2024,Jeep,Wagoneer,Jeep Wagoneer,,SUV,,,Jeep,Grand Wagoneer L,4A全覆盖-MODEL_CONTAINS,待联网审核,4A原子尚无正式映射；语义候选需验证版本、结构和年份,"2024 ""Jeep Grand Wagoneer L"" ""Jeep Wagoneer"" ""SUV""",年份、Make、Model、版本、结构均与DIMENSION-ID语义一致,0.9000
Jeep Wagoneer L SUV 2023-2025,2024,Jeep,Wagoneer,Jeep Wagoneer,L,SUV,,,Jeep,Wagoneer L,4A全覆盖-MODEL_VERSION_EXACT,待联网审核,4A原子尚无正式映射；语义候选需验证版本、结构和年份,"2024 ""Jeep Wagoneer L"" ""Jeep Wagoneer"" ""L"" ""SUV""",年份、Make、Model、版本、结构均与DIMENSION-ID语义一致,0.9800
Jeep Wagoneer SUV 2023-2025,2024,Jeep,Wagoneer,Jeep Wagoneer,,SUV,,,Jeep,Wagoneer L,4A全覆盖-MODEL_CONTAINS,待联网审核,4A原子尚无正式映射；语义候选需验证版本、结构和年份,"2024 ""Jeep Wagoneer L"" ""Jeep Wagoneer"" ""SUV""",年份、Make、Model、版本、结构均与DIMENSION-ID语义一致,0.9000
Jeep Wagoneer L SUV 2023-2025,2024,Jeep,Wagoneer,Jeep Wagoneer,L,SUV,,,Jeep,Wagoneer S,4A全覆盖-MODEL_CONTAINS,待联网审核,4A原子尚无正式映射；语义候选需验证版本、结构和年份,"2024 ""Jeep Wagoneer S"" ""Jeep Wagoneer"" ""L"" ""SUV""",年份、Make、Model、版本、结构均与DIMENSION-ID语义一致,0.9000
Jeep Wagoneer SUV 2023-2025,2024,Jeep,Wagoneer,Jeep Wagoneer,,SUV,,,Jeep,Wagoneer S,4A全覆盖-MODEL_CONTAINS,待联网审核,4A原子尚无正式映射；语义候选需验证版本、结构和年份,"2024 ""Jeep Wagoneer S"" ""Jeep Wagoneer"" ""SUV""",年份、Make、Model、版本、结构均与DIMENSION-ID语义一致,0.9000
Kia Forte Sedan 2019-2024,2024,Kia,Forte,Kia Forte,,Sedan,,,Kia,Forte5,4A全覆盖-MODEL_CONTAINS,待联网审核,4A原子尚无正式映射；语义候选需验证版本、结构和年份,"2024 ""Kia Forte5"" ""Kia Forte"" ""Sedan""",年份、Make、Model、版本、结构均与DIMENSION-ID语义一致,0.9000
Ram 2500/3500 Pickup 2019-2026 Crew 6.4,2024,Ram,2500/3500,Ram 2500/3500,,Pickup,Crew,6.4,Ram,2500,4A全覆盖-MODEL_COMPONENT_EXACT,待联网审核,4A原子尚无正式映射；语义候选需验证版本、结构和年份,"2024 ""Ram 2500"" ""Ram 2500/3500"" ""Pickup""",年份、Make、Model、版本、结构均与DIMENSION-ID语义一致,0.9700
Ram 2500/3500 Pickup 2019-2026 Crew 8,2024,Ram,2500/3500,Ram 2500/3500,,Pickup,Crew,8,Ram,2500,4A全覆盖-MODEL_COMPONENT_EXACT,待联网审核,4A原子尚无正式映射；语义候选需验证版本、结构和年份,"2024 ""Ram 2500"" ""Ram 2500/3500"" ""Pickup""",年份、Make、Model、版本、结构均与DIMENSION-ID语义一致,0.9700
Ram 2500/3500 Pickup 2019-2026 Mega 6.4,2024,Ram,2500/3500,Ram 2500/3500,,Pickup,Mega,6.4,Ram,2500,4A全覆盖-MODEL_COMPONENT_EXACT,待联网审核,4A原子尚无正式映射；语义候选需验证版本、结构和年份,"2024 ""Ram 2500"" ""Ram 2500/3500"" ""Pickup""",年份、Make、Model、版本、结构均与DIMENSION-ID语义一致,0.9700
Ram 2500/3500 Pickup 2019-2026 Regular 8,2024,Ram,2500/3500,Ram 2500/3500,,Pickup,Regular,8,Ram,2500,4A全覆盖-MODEL_COMPONENT_EXACT,待联网审核,4A原子尚无正式映射；语义候选需验证版本、结构和年份,"2024 ""Ram 2500"" ""Ram 2500/3500"" ""Pickup""",年份、Make、Model、版本、结构均与DIMENSION-ID语义一致,0.9700
Ram 1500 Pickup 2019-2026 Crew 5.6,2024,Ram,1500,Ram 1500,,Pickup,Crew,5.6,Ram,ProMaster 1500,4A全覆盖-MODEL_CONTAINS,待联网审核,4A原子尚无正式映射；语义候选需验证版本、结构和年份,"2024 ""Ram ProMaster 1500"" ""Ram 1500"" ""Pickup""",年份、Make、Model、版本、结构均与DIMENSION-ID语义一致,0.9000
Ram 1500 Pickup 2019-2026 Crew 6.4,2024,Ram,1500,Ram 1500,,Pickup,Crew,6.4,Ram,ProMaster 1500,4A全覆盖-MODEL_CONTAINS,待联网审核,4A原子尚无正式映射；语义候选需验证版本、结构和年份,"2024 ""Ram ProMaster 1500"" ""Ram 1500"" ""Pickup""",年份、Make、Model、版本、结构均与DIMENSION-ID语义一致,0.9000
Ram 1500 Pickup 2019-2026 Quad 6.4,2024,Ram,1500,Ram 1500,,Pickup,Quad,6.4,Ram,ProMaster 1500,4A全覆盖-MODEL_CONTAINS,待联网审核,4A原子尚无正式映射；语义候选需验证版本、结构和年份,"2024 ""Ram ProMaster 1500"" ""Ram 1500"" ""Pickup""",年份、Make、Model、版本、结构均与DIMENSION-ID语义一致,0.9000
Ram 1500 TRX Pickup 2021-2024 Crew 5.6,2024,Ram,1500,Ram 1500,TRX,Pickup,Crew,5.6,Ram,ProMaster 1500,4A全覆盖-MODEL_CONTAINS,待联网审核,4A原子尚无正式映射；语义候选需验证版本、结构和年份,"2024 ""Ram ProMaster 1500"" ""Ram 1500"" ""TRX"" ""Pickup""",年份、Make、Model、版本、结构均与DIMENSION-ID语义一致,0.9000
Volkswagen Atlas Cross Cross Sport SUV 2023-2026,2024,Volkswagen,Atlas Cross,Volkswagen Atlas Cross,Cross Sport,SUV,,,Volkswagen,Cross Sport,4A全覆盖-VERSION_EXACT,待联网审核,4A原子尚无正式映射；语义候选需验证版本、结构和年份,"2024 ""Volkswagen Cross Sport"" ""Volkswagen Atlas Cross"" ""Cross Sport"" ""SUV""",年份、Make、Model、版本、结构均与DIMENSION-ID语义一致,0.9900
Volkswagen Atlas Cross Sport SUV 2023-2026,2024,Volkswagen,Atlas,Volkswagen Atlas,Cross Sport,SUV,,,Volkswagen,Cross Sport,4A全覆盖-VERSION_EXACT,待联网审核,4A原子尚无正式映射；语义候选需验证版本、结构和年份,"2024 ""Volkswagen Cross Sport"" ""Volkswagen Atlas"" ""Cross Sport"" ""SUV""",年份、Make、Model、版本、结构均与DIMENSION-ID语义一致,0.9900
Volkswagen Golf GTI Hatchback 2022-2026,2024,Volkswagen,Golf,Volkswagen Golf,GTI,Hatchback,,,Volkswagen,GTI,4A全覆盖-VERSION_EXACT,待联网审核,4A原子尚无正式映射；语义候选需验证版本、结构和年份,"2024 ""Volkswagen GTI"" ""Volkswagen Golf"" ""GTI"" ""Hatchback""",年份、Make、Model、版本、结构均与DIMENSION-ID语义一致,0.9900
Audi A5/S5/RS5 Liftback 2025,2025,Audi,A5/S5/RS5,Audi A5/S5/RS5,,Liftback,,,Audi,A5,4A全覆盖-MODEL_COMPONENT_EXACT,待联网审核,4A原子尚无正式映射；语义候选需验证版本、结构和年份,"2025 ""Audi A5"" ""Audi A5/S5/RS5"" ""Liftback""",年份、Make、Model、版本、结构均与DIMENSION-ID语义一致,0.9700
Audi A5/S5/RS5 Liftback 2025,2025,Audi,A5/S5/RS5,Audi A5/S5/RS5,,Liftback,,,Audi,RS5,4A全覆盖-MODEL_COMPONENT_EXACT,待联网审核,4A原子尚无正式映射；语义候选需验证版本、结构和年份,"2025 ""Audi RS5"" ""Audi A5/S5/RS5"" ""Liftback""",年份、Make、Model、版本、结构均与DIMENSION-ID语义一致,0.9700
Audi A5/S5/RS5 Liftback 2025,2025,Audi,A5/S5/RS5,Audi A5/S5/RS5,,Liftback,,,Audi,S5,4A全覆盖-MODEL_COMPONENT_EXACT,待联网审核,4A原子尚无正式映射；语义候选需验证版本、结构和年份,"2025 ""Audi S5"" ""Audi A5/S5/RS5"" ""Liftback""",年份、Make、Model、版本、结构均与DIMENSION-ID语义一致,0.9700
Audi Q6/SQ6 e-tron SUV 2025,2025,Audi,Q6/SQ6 e-tron,Audi Q6/SQ6 e-tron,,SUV,,,Audi,SQ6 e-tron,4A全覆盖-MODEL_COMPONENT_EXACT,待联网审核,4A原子尚无正式映射；语义候选需验证版本、结构和年份,"2025 ""Audi SQ6 e-tron"" ""Audi Q6/SQ6 e-tron"" ""SUV""",年份、Make、Model、版本、结构均与DIMENSION-ID语义一致,0.9700
Audi Q6/SQ6 e-tron Sportback SUV 2025,2025,Audi,Q6/SQ6 e-tron,Audi Q6/SQ6 e-tron,Sportback,SUV,,,Audi,SQ6 e-tron,4A全覆盖-MODEL_COMPONENT_EXACT,待联网审核,4A原子尚无正式映射；语义候选需验证版本、结构和年份,"2025 ""Audi SQ6 e-tron"" ""Audi Q6/SQ6 e-tron"" ""Sportback"" ""SUV""",年份、Make、Model、版本、结构均与DIMENSION-ID语义一致,0.9700
Chevrolet Silverado 1500 Pickup 2019-2026 Crew 5.8,2025,Chevrolet,Silverado 1500,Chevrolet Silverado 1500,,Pickup,Crew,5.8,Chevrolet,Silverado,4A全覆盖-MODEL_CONTAINS,待联网审核,4A原子尚无正式映射；语义候选需验证版本、结构和年份,"2025 ""Chevrolet Silverado"" ""Chevrolet Silverado 1500"" ""Pickup""",年份、Make、Model、版本、结构均与DIMENSION-ID语义一致,0.9000
Chevrolet Silverado 1500 Pickup 2019-2026 Double 6.6,2025,Chevrolet,Silverado 1500,Chevrolet Silverado 1500,,Pickup,Double,6.6,Chevrolet,Silverado,4A全覆盖-MODEL_CONTAINS,待联网审核,4A原子尚无正式映射；语义候选需验证版本、结构和年份,"2025 ""Chevrolet Silverado"" ""Chevrolet Silverado 1500"" ""Pickup""",年份、Make、Model、版本、结构均与DIMENSION-ID语义一致,0.9000
Chevrolet Silverado 1500 Pickup 2019-2026 Regular 8,2025,Chevrolet,Silverado 1500,Chevrolet Silverado 1500,,Pickup,Regular,8,Chevrolet,Silverado,4A全覆盖-MODEL_CONTAINS,待联网审核,4A原子尚无正式映射；语义候选需验证版本、结构和年份,"2025 ""Chevrolet Silverado"" ""Chevrolet Silverado 1500"" ""Pickup""",年份、Make、Model、版本、结构均与DIMENSION-ID语义一致,0.9000
Chevrolet Silverado 1500 Pickup 2022-2026 Regular 6.6,2025,Chevrolet,Silverado 1500,Chevrolet Silverado 1500,,Pickup,Regular,6.6,Chevrolet,Silverado,4A全覆盖-MODEL_CONTAINS,待联网审核,4A原子尚无正式映射；语义候选需验证版本、结构和年份,"2025 ""Chevrolet Silverado"" ""Chevrolet Silverado 1500"" ""Pickup""",年份、Make、Model、版本、结构均与DIMENSION-ID语义一致,0.9000
Chevrolet Silverado 1500 Trail Boss Pickup 2021-2026 Crew 5.8,2025,Chevrolet,Silverado 1500,Chevrolet Silverado 1500,Trail Boss,Pickup,Crew,5.8,Chevrolet,Silverado,4A全覆盖-MODEL_CONTAINS,待联网审核,4A原子尚无正式映射；语义候选需验证版本、结构和年份,"2025 ""Chevrolet Silverado"" ""Chevrolet Silverado 1500"" ""Trail Boss"" ""Pickup""",年份、Make、Model、版本、结构均与DIMENSION-ID语义一致,0.9000
Ford F-350 Super Duty DRW Pickup 2023-2026 Crew 8,2025,Ford,F-350 Super Duty,Ford F-350 Super Duty,DRW,Pickup,Crew,8,Ford,E-350 Super Duty,4A全覆盖-MODEL_SIMILAR,待联网审核,4A原子尚无正式映射；语义候选需验证版本、结构和年份,"2025 ""Ford E-350 Super Duty"" ""Ford F-350 Super Duty"" ""DRW"" ""Pickup""",年份、Make、Model、版本、结构均与DIMENSION-ID语义一致,0.9231
Ford F-350 Super Duty DRW Pickup 2023-2026 Regular 8,2025,Ford,F-350 Super Duty,Ford F-350 Super Duty,DRW,Pickup,Regular,8,Ford,E-350 Super Duty,4A全覆盖-MODEL_SIMILAR,待联网审核,4A原子尚无正式映射；语义候选需验证版本、结构和年份,"2025 ""Ford E-350 Super Duty"" ""Ford F-350 Super Duty"" ""DRW"" ""Pickup""",年份、Make、Model、版本、结构均与DIMENSION-ID语义一致,0.9231
Ford Maverick Lobo Pickup 2025-2026 SuperCrew 4.5,2025,Ford,Maverick,Ford Maverick,Lobo,Pickup,SuperCrew,4.5,Ford,Lobo,4A全覆盖-VERSION_EXACT,待联网审核,4A原子尚无正式映射；语义候选需验证版本、结构和年份,"2025 ""Ford Lobo"" ""Ford Maverick"" ""Lobo"" ""Pickup""",年份、Make、Model、版本、结构均与DIMENSION-ID语义一致,0.9900
Genesis GV70 SUV 2022-2026,2025,Genesis,GV70,Genesis GV70,,SUV,,,Genesis,Electrified GV70,4A全覆盖-MODEL_CONTAINS,待联网审核,4A原子尚无正式映射；语义候选需验证版本、结构和年份,"2025 ""Genesis Electrified GV70"" ""Genesis GV70"" ""SUV""",年份、Make、Model、版本、结构均与DIMENSION-ID语义一致,0.9000
GMC Sierra 1500 Pickup 2019-2026 Crew 5.8,2025,GMC,Sierra 1500,GMC Sierra 1500,,Pickup,Crew,5.8,GMC,Sierra,4A全覆盖-MODEL_CONTAINS,待联网审核,4A原子尚无正式映射；语义候选需验证版本、结构和年份,"2025 ""GMC Sierra"" ""GMC Sierra 1500"" ""Pickup""",年份、Make、Model、版本、结构均与DIMENSION-ID语义一致,0.9000
GMC Sierra 1500 Pickup 2019-2026 Double 6.6,2025,GMC,Sierra 1500,GMC Sierra 1500,,Pickup,Double,6.6,GMC,Sierra,4A全覆盖-MODEL_CONTAINS,待联网审核,4A原子尚无正式映射；语义候选需验证版本、结构和年份,"2025 ""GMC Sierra"" ""GMC Sierra 1500"" ""Pickup""",年份、Make、Model、版本、结构均与DIMENSION-ID语义一致,0.9000
GMC Sierra 1500 Pickup 2019-2026 Regular 6.6,2025,GMC,Sierra 1500,GMC Sierra 1500,,Pickup,Regular,6.6,GMC,Sierra,4A全覆盖-MODEL_CONTAINS,待联网审核,4A原子尚无正式映射；语义候选需验证版本、结构和年份,"2025 ""GMC Sierra"" ""GMC Sierra 1500"" ""Pickup""",年份、Make、Model、版本、结构均与DIMENSION-ID语义一致,0.9000
GMC Sierra 1500 Pickup 2019-2026 Regular 8,2025,GMC,Sierra 1500,GMC Sierra 1500,,Pickup,Regular,8,GMC,Sierra,4A全覆盖-MODEL_CONTAINS,待联网审核,4A原子尚无正式映射；语义候选需验证版本、结构和年份,"2025 ""GMC Sierra"" ""GMC Sierra 1500"" ""Pickup""",年份、Make、Model、版本、结构均与DIMENSION-ID语义一致,0.9000
GMC Sierra 2500HD/3500HD DRW Pickup 2020-2026 Crew 8,2025,GMC,Sierra 2500HD/3500HD,GMC Sierra 2500HD/3500HD,DRW,Pickup,Crew,8,GMC,Sierra,4A全覆盖-MODEL_CONTAINS,待联网审核,4A原子尚无正式映射；语义候选需验证版本、结构和年份,"2025 ""GMC Sierra"" ""GMC Sierra 2500HD/3500HD"" ""DRW"" ""Pickup""",年份、Make、Model、版本、结构均与DIMENSION-ID语义一致,0.9000
Jeep Grand Cherokee L SUV 2021-2025,2025,Jeep,Grand Cherokee,Jeep Grand Cherokee,L,SUV,,,Jeep,Grand Cherokee L,4A全覆盖-MODEL_VERSION_EXACT,待联网审核,4A原子尚无正式映射；语义候选需验证版本、结构和年份,"2025 ""Jeep Grand Cherokee L"" ""Jeep Grand Cherokee"" ""L"" ""SUV""",年份、Make、Model、版本、结构均与DIMENSION-ID语义一致,0.9800
Jeep Grand Cherokee SUV 2022-2026,2025,Jeep,Grand Cherokee,Jeep Grand Cherokee,,SUV,,,Jeep,Grand Cherokee L,4A全覆盖-MODEL_CONTAINS,待联网审核,4A原子尚无正式映射；语义候选需验证版本、结构和年份,"2025 ""Jeep Grand Cherokee L"" ""Jeep Grand Cherokee"" ""SUV""",年份、Make、Model、版本、结构均与DIMENSION-ID语义一致,0.9000
Jeep Grand Wagoneer L SUV 2023-2026,2025,Jeep,Grand Wagoneer,Jeep Grand Wagoneer,L,SUV,,,Jeep,Grand Wagoneer L,4A全覆盖-MODEL_VERSION_EXACT,待联网审核,4A原子尚无正式映射；语义候选需验证版本、结构和年份,"2025 ""Jeep Grand Wagoneer L"" ""Jeep Grand Wagoneer"" ""L"" ""SUV""",年份、Make、Model、版本、结构均与DIMENSION-ID语义一致,0.9800
Jeep Grand Wagoneer SUV 2022-2026,2025,Jeep,Grand Wagoneer,Jeep Grand Wagoneer,,SUV,,,Jeep,Grand Wagoneer L,4A全覆盖-MODEL_CONTAINS,待联网审核,4A原子尚无正式映射；语义候选需验证版本、结构和年份,"2025 ""Jeep Grand Wagoneer L"" ""Jeep Grand Wagoneer"" ""SUV""",年份、Make、Model、版本、结构均与DIMENSION-ID语义一致,0.9000
Jeep Wagoneer L SUV 2023-2025,2025,Jeep,Wagoneer,Jeep Wagoneer,L,SUV,,,Jeep,Grand Wagoneer L,4A全覆盖-MODEL_CONTAINS,待联网审核,4A原子尚无正式映射；语义候选需验证版本、结构和年份,"2025 ""Jeep Grand Wagoneer L"" ""Jeep Wagoneer"" ""L"" ""SUV""",年份、Make、Model、版本、结构均与DIMENSION-ID语义一致,0.9000
Jeep Wagoneer SUV 2023-2025,2025,Jeep,Wagoneer,Jeep Wagoneer,,SUV,,,Jeep,Grand Wagoneer L,4A全覆盖-MODEL_CONTAINS,待联网审核,4A原子尚无正式映射；语义候选需验证版本、结构和年份,"2025 ""Jeep Grand Wagoneer L"" ""Jeep Wagoneer"" ""SUV""",年份、Make、Model、版本、结构均与DIMENSION-ID语义一致,0.9000
Jeep Wagoneer L SUV 2023-2025,2025,Jeep,Wagoneer,Jeep Wagoneer,L,SUV,,,Jeep,Wagoneer L,4A全覆盖-MODEL_VERSION_EXACT,待联网审核,4A原子尚无正式映射；语义候选需验证版本、结构和年份,"2025 ""Jeep Wagoneer L"" ""Jeep Wagoneer"" ""L"" ""SUV""",年份、Make、Model、版本、结构均与DIMENSION-ID语义一致,0.9800
Jeep Wagoneer SUV 2023-2025,2025,Jeep,Wagoneer,Jeep Wagoneer,,SUV,,,Jeep,Wagoneer L,4A全覆盖-MODEL_CONTAINS,待联网审核,4A原子尚无正式映射；语义候选需验证版本、结构和年份,"2025 ""Jeep Wagoneer L"" ""Jeep Wagoneer"" ""SUV""",年份、Make、Model、版本、结构均与DIMENSION-ID语义一致,0.9000
Jeep Wagoneer S SUV 2025-2026,2025,Jeep,Wagoneer S,Jeep Wagoneer S,,SUV,,,Jeep,Wagoneer L,4A全覆盖-MODEL_SIMILAR,待联网审核,4A原子尚无正式映射；语义候选需验证版本、结构和年份,"2025 ""Jeep Wagoneer L"" ""Jeep Wagoneer S"" ""SUV""",年份、Make、Model、版本、结构均与DIMENSION-ID语义一致,0.8889
Land Rover Discovery Sport SUV 2020-2026,2025,Land Rover,Discovery Sport,Land Rover Discovery Sport,,SUV,,,Land Rover,Discovery,4A全覆盖-MODEL_CONTAINS,待联网审核,4A原子尚无正式映射；语义候选需验证版本、结构和年份,"2025 ""Land Rover Discovery"" ""Land Rover Discovery Sport"" ""SUV""",年份、Make、Model、版本、结构均与DIMENSION-ID语义一致,0.9000
Ram 2500/3500 Pickup 2019-2026 Crew 6.4,2025,Ram,2500/3500,Ram 2500/3500,,Pickup,Crew,6.4,Ram,2500,4A全覆盖-MODEL_COMPONENT_EXACT,待联网审核,4A原子尚无正式映射；语义候选需验证版本、结构和年份,"2025 ""Ram 2500"" ""Ram 2500/3500"" ""Pickup""",年份、Make、Model、版本、结构均与DIMENSION-ID语义一致,0.9700
Ram 2500/3500 Pickup 2019-2026 Crew 8,2025,Ram,2500/3500,Ram 2500/3500,,Pickup,Crew,8,Ram,2500,4A全覆盖-MODEL_COMPONENT_EXACT,待联网审核,4A原子尚无正式映射；语义候选需验证版本、结构和年份,"2025 ""Ram 2500"" ""Ram 2500/3500"" ""Pickup""",年份、Make、Model、版本、结构均与DIMENSION-ID语义一致,0.9700
Ram 2500/3500 Pickup 2019-2026 Mega 6.4,2025,Ram,2500/3500,Ram 2500/3500,,Pickup,Mega,6.4,Ram,2500,4A全覆盖-MODEL_COMPONENT_EXACT,待联网审核,4A原子尚无正式映射；语义候选需验证版本、结构和年份,"2025 ""Ram 2500"" ""Ram 2500/3500"" ""Pickup""",年份、Make、Model、版本、结构均与DIMENSION-ID语义一致,0.9700
Ram 2500/3500 Pickup 2019-2026 Regular 8,2025,Ram,2500/3500,Ram 2500/3500,,Pickup,Regular,8,Ram,2500,4A全覆盖-MODEL_COMPONENT_EXACT,待联网审核,4A原子尚无正式映射；语义候选需验证版本、结构和年份,"2025 ""Ram 2500"" ""Ram 2500/3500"" ""Pickup""",年份、Make、Model、版本、结构均与DIMENSION-ID语义一致,0.9700
Ram 1500 Pickup 2019-2026 Crew 5.6,2025,Ram,1500,Ram 1500,,Pickup,Crew,5.6,Ram,ProMaster 1500,4A全覆盖-MODEL_CONTAINS,待联网审核,4A原子尚无正式映射；语义候选需验证版本、结构和年份,"2025 ""Ram ProMaster 1500"" ""Ram 1500"" ""Pickup""",年份、Make、Model、版本、结构均与DIMENSION-ID语义一致,0.9000
Ram 1500 Pickup 2019-2026 Crew 6.4,2025,Ram,1500,Ram 1500,,Pickup,Crew,6.4,Ram,ProMaster 1500,4A全覆盖-MODEL_CONTAINS,待联网审核,4A原子尚无正式映射；语义候选需验证版本、结构和年份,"2025 ""Ram ProMaster 1500"" ""Ram 1500"" ""Pickup""",年份、Make、Model、版本、结构均与DIMENSION-ID语义一致,0.9000
Ram 1500 Pickup 2019-2026 Quad 6.4,2025,Ram,1500,Ram 1500,,Pickup,Quad,6.4,Ram,ProMaster 1500,4A全覆盖-MODEL_CONTAINS,待联网审核,4A原子尚无正式映射；语义候选需验证版本、结构和年份,"2025 ""Ram ProMaster 1500"" ""Ram 1500"" ""Pickup""",年份、Make、Model、版本、结构均与DIMENSION-ID语义一致,0.9000
Ram 1500 RHO Pickup 2025-2026 Crew 5.6,2025,Ram,1500,Ram 1500,RHO,Pickup,Crew,5.6,Ram,ProMaster 1500,4A全覆盖-MODEL_CONTAINS,待联网审核,4A原子尚无正式映射；语义候选需验证版本、结构和年份,"2025 ""Ram ProMaster 1500"" ""Ram 1500"" ""RHO"" ""Pickup""",年份、Make、Model、版本、结构均与DIMENSION-ID语义一致,0.9000
Volkswagen Atlas Cross Cross Sport SUV 2023-2026,2025,Volkswagen,Atlas Cross,Volkswagen Atlas Cross,Cross Sport,SUV,,,Volkswagen,Cross Sport,4A全覆盖-VERSION_EXACT,待联网审核,4A原子尚无正式映射；语义候选需验证版本、结构和年份,"2025 ""Volkswagen Cross Sport"" ""Volkswagen Atlas Cross"" ""Cross Sport"" ""SUV""",年份、Make、Model、版本、结构均与DIMENSION-ID语义一致,0.9900
Volkswagen Atlas Cross Sport SUV 2023-2026,2025,Volkswagen,Atlas,Volkswagen Atlas,Cross Sport,SUV,,,Volkswagen,Cross Sport,4A全覆盖-VERSION_EXACT,待联网审核,4A原子尚无正式映射；语义候选需验证版本、结构和年份,"2025 ""Volkswagen Cross Sport"" ""Volkswagen Atlas"" ""Cross Sport"" ""SUV""",年份、Make、Model、版本、结构均与DIMENSION-ID语义一致,0.9900
Volkswagen Golf GTI Hatchback 2022-2026,2025,Volkswagen,Golf,Volkswagen Golf,GTI,Hatchback,,,Volkswagen,GTI,4A全覆盖-VERSION_EXACT,待联网审核,4A原子尚无正式映射；语义候选需验证版本、结构和年份,"2025 ""Volkswagen GTI"" ""Volkswagen Golf"" ""GTI"" ""Hatchback""",年份、Make、Model、版本、结构均与DIMENSION-ID语义一致,0.9900
Chevrolet Silverado 1500 Pickup 2019-2026 Crew 5.8,2026,Chevrolet,Silverado 1500,Chevrolet Silverado 1500,,Pickup,Crew,5.8,Chevrolet,Silverado,4A全覆盖-MODEL_CONTAINS,待联网审核,4A原子尚无正式映射；语义候选需验证版本、结构和年份,"2026 ""Chevrolet Silverado"" ""Chevrolet Silverado 1500"" ""Pickup""",年份、Make、Model、版本、结构均与DIMENSION-ID语义一致,0.9000
Chevrolet Silverado 1500 Pickup 2019-2026 Double 6.6,2026,Chevrolet,Silverado 1500,Chevrolet Silverado 1500,,Pickup,Double,6.6,Chevrolet,Silverado,4A全覆盖-MODEL_CONTAINS,待联网审核,4A原子尚无正式映射；语义候选需验证版本、结构和年份,"2026 ""Chevrolet Silverado"" ""Chevrolet Silverado 1500"" ""Pickup""",年份、Make、Model、版本、结构均与DIMENSION-ID语义一致,0.9000
Chevrolet Silverado 1500 Pickup 2019-2026 Regular 8,2026,Chevrolet,Silverado 1500,Chevrolet Silverado 1500,,Pickup,Regular,8,Chevrolet,Silverado,4A全覆盖-MODEL_CONTAINS,待联网审核,4A原子尚无正式映射；语义候选需验证版本、结构和年份,"2026 ""Chevrolet Silverado"" ""Chevrolet Silverado 1500"" ""Pickup""",年份、Make、Model、版本、结构均与DIMENSION-ID语义一致,0.9000
Chevrolet Silverado 1500 Pickup 2022-2026 Regular 6.6,2026,Chevrolet,Silverado 1500,Chevrolet Silverado 1500,,Pickup,Regular,6.6,Chevrolet,Silverado,4A全覆盖-MODEL_CONTAINS,待联网审核,4A原子尚无正式映射；语义候选需验证版本、结构和年份,"2026 ""Chevrolet Silverado"" ""Chevrolet Silverado 1500"" ""Pickup""",年份、Make、Model、版本、结构均与DIMENSION-ID语义一致,0.9000
Chevrolet Silverado 1500 Trail Boss Pickup 2021-2026 Crew 5.8,2026,Chevrolet,Silverado 1500,Chevrolet Silverado 1500,Trail Boss,Pickup,Crew,5.8,Chevrolet,Silverado,4A全覆盖-MODEL_CONTAINS,待联网审核,4A原子尚无正式映射；语义候选需验证版本、结构和年份,"2026 ""Chevrolet Silverado"" ""Chevrolet Silverado 1500"" ""Trail Boss"" ""Pickup""",年份、Make、Model、版本、结构均与DIMENSION-ID语义一致,0.9000
Ford F-350 Super Duty DRW Pickup 2023-2026 Crew 8,2026,Ford,F-350 Super Duty,Ford F-350 Super Duty,DRW,Pickup,Crew,8,Ford,E-350 Super Duty,4A全覆盖-MODEL_SIMILAR,待联网审核,4A原子尚无正式映射；语义候选需验证版本、结构和年份,"2026 ""Ford E-350 Super Duty"" ""Ford F-350 Super Duty"" ""DRW"" ""Pickup""",年份、Make、Model、版本、结构均与DIMENSION-ID语义一致,0.9231
Ford F-350 Super Duty DRW Pickup 2023-2026 Regular 8,2026,Ford,F-350 Super Duty,Ford F-350 Super Duty,DRW,Pickup,Regular,8,Ford,E-350 Super Duty,4A全覆盖-MODEL_SIMILAR,待联网审核,4A原子尚无正式映射；语义候选需验证版本、结构和年份,"2026 ""Ford E-350 Super Duty"" ""Ford F-350 Super Duty"" ""DRW"" ""Pickup""",年份、Make、Model、版本、结构均与DIMENSION-ID语义一致,0.9231
Ford Maverick Lobo Pickup 2025-2026 SuperCrew 4.5,2026,Ford,Maverick,Ford Maverick,Lobo,Pickup,SuperCrew,4.5,Ford,Lobo,4A全覆盖-VERSION_EXACT,待联网审核,4A原子尚无正式映射；语义候选需验证版本、结构和年份,"2026 ""Ford Lobo"" ""Ford Maverick"" ""Lobo"" ""Pickup""",年份、Make、Model、版本、结构均与DIMENSION-ID语义一致,0.9900
Genesis GV70 SUV 2022-2026,2026,Genesis,GV70,Genesis GV70,,SUV,,,Genesis,Electrified GV70,4A全覆盖-MODEL_CONTAINS,待联网审核,4A原子尚无正式映射；语义候选需验证版本、结构和年份,"2026 ""Genesis Electrified GV70"" ""Genesis GV70"" ""SUV""",年份、Make、Model、版本、结构均与DIMENSION-ID语义一致,0.9000
GMC Sierra 1500 Pickup 2019-2026 Crew 5.8,2026,GMC,Sierra 1500,GMC Sierra 1500,,Pickup,Crew,5.8,GMC,Sierra,4A全覆盖-MODEL_CONTAINS,待联网审核,4A原子尚无正式映射；语义候选需验证版本、结构和年份,"2026 ""GMC Sierra"" ""GMC Sierra 1500"" ""Pickup""",年份、Make、Model、版本、结构均与DIMENSION-ID语义一致,0.9000
GMC Sierra 1500 Pickup 2019-2026 Double 6.6,2026,GMC,Sierra 1500,GMC Sierra 1500,,Pickup,Double,6.6,GMC,Sierra,4A全覆盖-MODEL_CONTAINS,待联网审核,4A原子尚无正式映射；语义候选需验证版本、结构和年份,"2026 ""GMC Sierra"" ""GMC Sierra 1500"" ""Pickup""",年份、Make、Model、版本、结构均与DIMENSION-ID语义一致,0.9000
GMC Sierra 1500 Pickup 2019-2026 Regular 6.6,2026,GMC,Sierra 1500,GMC Sierra 1500,,Pickup,Regular,6.6,GMC,Sierra,4A全覆盖-MODEL_CONTAINS,待联网审核,4A原子尚无正式映射；语义候选需验证版本、结构和年份,"2026 ""GMC Sierra"" ""GMC Sierra 1500"" ""Pickup""",年份、Make、Model、版本、结构均与DIMENSION-ID语义一致,0.9000
GMC Sierra 1500 Pickup 2019-2026 Regular 8,2026,GMC,Sierra 1500,GMC Sierra 1500,,Pickup,Regular,8,GMC,Sierra,4A全覆盖-MODEL_CONTAINS,待联网审核,4A原子尚无正式映射；语义候选需验证版本、结构和年份,"2026 ""GMC Sierra"" ""GMC Sierra 1500"" ""Pickup""",年份、Make、Model、版本、结构均与DIMENSION-ID语义一致,0.9000
GMC Sierra 2500HD/3500HD DRW Pickup 2020-2026 Crew 8,2026,GMC,Sierra 2500HD/3500HD,GMC Sierra 2500HD/3500HD,DRW,Pickup,Crew,8,GMC,Sierra,4A全覆盖-MODEL_CONTAINS,待联网审核,4A原子尚无正式映射；语义候选需验证版本、结构和年份,"2026 ""GMC Sierra"" ""GMC Sierra 2500HD/3500HD"" ""DRW"" ""Pickup""",年份、Make、Model、版本、结构均与DIMENSION-ID语义一致,0.9000
Jeep Grand Cherokee L SUV 2026,2026,Jeep,Grand Cherokee,Jeep Grand Cherokee,L,SUV,,,Jeep,Grand Cherokee L,4A全覆盖-MODEL_VERSION_EXACT,待联网审核,4A原子尚无正式映射；语义候选需验证版本、结构和年份,"2026 ""Jeep Grand Cherokee L"" ""Jeep Grand Cherokee"" ""L"" ""SUV""",年份、Make、Model、版本、结构均与DIMENSION-ID语义一致,0.9800
Jeep Cherokee SUV 2026,2026,Jeep,Cherokee,Jeep Cherokee,,SUV,,,Jeep,Grand Cherokee L,4A全覆盖-MODEL_CONTAINS,待联网审核,4A原子尚无正式映射；语义候选需验证版本、结构和年份,"2026 ""Jeep Grand Cherokee L"" ""Jeep Cherokee"" ""SUV""",年份、Make、Model、版本、结构均与DIMENSION-ID语义一致,0.9000
Jeep Grand Cherokee SUV 2022-2026,2026,Jeep,Grand Cherokee,Jeep Grand Cherokee,,SUV,,,Jeep,Grand Cherokee L,4A全覆盖-MODEL_CONTAINS,待联网审核,4A原子尚无正式映射；语义候选需验证版本、结构和年份,"2026 ""Jeep Grand Cherokee L"" ""Jeep Grand Cherokee"" ""SUV""",年份、Make、Model、版本、结构均与DIMENSION-ID语义一致,0.9000
Jeep Grand Wagoneer L SUV 2023-2026,2026,Jeep,Grand Wagoneer,Jeep Grand Wagoneer,L,SUV,,,Jeep,Grand Wagoneer L,4A全覆盖-MODEL_VERSION_EXACT,待联网审核,4A原子尚无正式映射；语义候选需验证版本、结构和年份,"2026 ""Jeep Grand Wagoneer L"" ""Jeep Grand Wagoneer"" ""L"" ""SUV""",年份、Make、Model、版本、结构均与DIMENSION-ID语义一致,0.9800
Jeep Grand Wagoneer SUV 2022-2026,2026,Jeep,Grand Wagoneer,Jeep Grand Wagoneer,,SUV,,,Jeep,Grand Wagoneer L,4A全覆盖-MODEL_CONTAINS,待联网审核,4A原子尚无正式映射；语义候选需验证版本、结构和年份,"2026 ""Jeep Grand Wagoneer L"" ""Jeep Grand Wagoneer"" ""SUV""",年份、Make、Model、版本、结构均与DIMENSION-ID语义一致,0.9000
Land Rover Discovery Sport SUV 2020-2026,2026,Land Rover,Discovery Sport,Land Rover Discovery Sport,,SUV,,,Land Rover,Discovery,4A全覆盖-MODEL_CONTAINS,待联网审核,4A原子尚无正式映射；语义候选需验证版本、结构和年份,"2026 ""Land Rover Discovery"" ""Land Rover Discovery Sport"" ""SUV""",年份、Make、Model、版本、结构均与DIMENSION-ID语义一致,0.9000
Nissan Rogue PHEV SUV 2021-2026,2026,Nissan,Rogue,Nissan Rogue,PHEV,SUV,,,Nissan,Rogue Plug-in Hybrid,4A全覆盖-MODEL_CONTAINS,待联网审核,4A原子尚无正式映射；语义候选需验证版本、结构和年份,"2026 ""Nissan Rogue Plug-in Hybrid"" ""Nissan Rogue"" ""PHEV"" ""SUV""",年份、Make、Model、版本、结构均与DIMENSION-ID语义一致,0.9000
Nissan Rogue SUV 2026,2026,Nissan,Rogue,Nissan Rogue,,SUV,,,Nissan,Rogue Plug-in Hybrid,4A全覆盖-MODEL_CONTAINS,待联网审核,4A原子尚无正式映射；语义候选需验证版本、结构和年份,"2026 ""Nissan Rogue Plug-in Hybrid"" ""Nissan Rogue"" ""SUV""",年份、Make、Model、版本、结构均与DIMENSION-ID语义一致,0.9000
Ram 2500/3500 Pickup 2019-2026 Crew 6.4,2026,Ram,2500/3500,Ram 2500/3500,,Pickup,Crew,6.4,Ram,2500,4A全覆盖-MODEL_COMPONENT_EXACT,待联网审核,4A原子尚无正式映射；语义候选需验证版本、结构和年份,"2026 ""Ram 2500"" ""Ram 2500/3500"" ""Pickup""",年份、Make、Model、版本、结构均与DIMENSION-ID语义一致,0.9700
Ram 2500/3500 Pickup 2019-2026 Crew 8,2026,Ram,2500/3500,Ram 2500/3500,,Pickup,Crew,8,Ram,2500,4A全覆盖-MODEL_COMPONENT_EXACT,待联网审核,4A原子尚无正式映射；语义候选需验证版本、结构和年份,"2026 ""Ram 2500"" ""Ram 2500/3500"" ""Pickup""",年份、Make、Model、版本、结构均与DIMENSION-ID语义一致,0.9700
Ram 2500/3500 Pickup 2019-2026 Mega 6.4,2026,Ram,2500/3500,Ram 2500/3500,,Pickup,Mega,6.4,Ram,2500,4A全覆盖-MODEL_COMPONENT_EXACT,待联网审核,4A原子尚无正式映射；语义候选需验证版本、结构和年份,"2026 ""Ram 2500"" ""Ram 2500/3500"" ""Pickup""",年份、Make、Model、版本、结构均与DIMENSION-ID语义一致,0.9700
Ram 2500/3500 Pickup 2019-2026 Regular 8,2026,Ram,2500/3500,Ram 2500/3500,,Pickup,Regular,8,Ram,2500,4A全覆盖-MODEL_COMPONENT_EXACT,待联网审核,4A原子尚无正式映射；语义候选需验证版本、结构和年份,"2026 ""Ram 2500"" ""Ram 2500/3500"" ""Pickup""",年份、Make、Model、版本、结构均与DIMENSION-ID语义一致,0.9700
Ram 1500 Pickup 2019-2026 Crew 5.6,2026,Ram,1500,Ram 1500,,Pickup,Crew,5.6,Ram,ProMaster 1500,4A全覆盖-MODEL_CONTAINS,待联网审核,4A原子尚无正式映射；语义候选需验证版本、结构和年份,"2026 ""Ram ProMaster 1500"" ""Ram 1500"" ""Pickup""",年份、Make、Model、版本、结构均与DIMENSION-ID语义一致,0.9000
Ram 1500 Pickup 2019-2026 Crew 6.4,2026,Ram,1500,Ram 1500,,Pickup,Crew,6.4,Ram,ProMaster 1500,4A全覆盖-MODEL_CONTAINS,待联网审核,4A原子尚无正式映射；语义候选需验证版本、结构和年份,"2026 ""Ram ProMaster 1500"" ""Ram 1500"" ""Pickup""",年份、Make、Model、版本、结构均与DIMENSION-ID语义一致,0.9000
Ram 1500 Pickup 2019-2026 Quad 6.4,2026,Ram,1500,Ram 1500,,Pickup,Quad,6.4,Ram,ProMaster 1500,4A全覆盖-MODEL_CONTAINS,待联网审核,4A原子尚无正式映射；语义候选需验证版本、结构和年份,"2026 ""Ram ProMaster 1500"" ""Ram 1500"" ""Pickup""",年份、Make、Model、版本、结构均与DIMENSION-ID语义一致,0.9000
Ram 1500 RHO Pickup 2025-2026 Crew 5.6,2026,Ram,1500,Ram 1500,RHO,Pickup,Crew,5.6,Ram,ProMaster 1500,4A全覆盖-MODEL_CONTAINS,待联网审核,4A原子尚无正式映射；语义候选需验证版本、结构和年份,"2026 ""Ram ProMaster 1500"" ""Ram 1500"" ""RHO"" ""Pickup""",年份、Make、Model、版本、结构均与DIMENSION-ID语义一致,0.9000
Volkswagen Atlas Cross Cross Sport SUV 2023-2026,2026,Volkswagen,Atlas Cross,Volkswagen Atlas Cross,Cross Sport,SUV,,,Volkswagen,Cross Sport,4A全覆盖-VERSION_EXACT,待联网审核,4A原子尚无正式映射；语义候选需验证版本、结构和年份,"2026 ""Volkswagen Cross Sport"" ""Volkswagen Atlas Cross"" ""Cross Sport"" ""SUV""",年份、Make、Model、版本、结构均与DIMENSION-ID语义一致,0.9900
Volkswagen Atlas Cross Sport SUV 2023-2026,2026,Volkswagen,Atlas,Volkswagen Atlas,Cross Sport,SUV,,,Volkswagen,Cross Sport,4A全覆盖-VERSION_EXACT,待联网审核,4A原子尚无正式映射；语义候选需验证版本、结构和年份,"2026 ""Volkswagen Cross Sport"" ""Volkswagen Atlas"" ""Cross Sport"" ""SUV""",年份、Make、Model、版本、结构均与DIMENSION-ID语义一致,0.9900
Volkswagen Golf GTI Hatchback 2022-2026,2026,Volkswagen,Golf,Volkswagen Golf,GTI,Hatchback,,,Volkswagen,GTI,4A全覆盖-VERSION_EXACT,待联网审核,4A原子尚无正式映射；语义候选需验证版本、结构和年份,"2026 ""Volkswagen GTI"" ""Volkswagen Golf"" ""GTI"" ""Hatchback""",年份、Make、Model、版本、结构均与DIMENSION-ID语义一致,0.9900
